X Y Z Rotation matrix
20.0, 3.6101, 11.3082, [[0.0, 0.0, -1.0], [-0.034899671, -0.999390821, 0.0], [-0.999390821, 0.034899671, 0.0]]
20.0, -2.7425, 11.3391, [[0.0, 0.0, -1.0], [0.029099431, -0.999576522, 0.0], [-0.999576522, -0.029099431, 0.0]]
20.0, 17.1692, 9.8572, [[0.016400221923242902, -0.003194692160428711, -0.999860404], [-0.191201831, -0.981550742, 0.0], [-0.9814137214426197, 0.19117513998919972, -0.016708481]]
20.0, 9.3722, 10.9234, [[0.000100052959110571, -9.792207578536e-06, -0.999999995], [-0.097404856, -0.995244841, 0.0], [-0.9952448360237758, 0.09740485551297572, -0.000100531]]
17.6415, 20.0, 9.7702, [[-0.28420586208595183, -0.03319262119356465, -0.95818854], [0.116002308, -0.993248944, 0.0], [-0.9517197555079017, -0.11115208213915032, 0.286137593]]
20.0, 20.0, 9.3357, [[-0.06479907656049233, 0.007925148110324447, -0.997866861], [-0.121398832, -0.99260381, 0.0], [-0.9904864481013403, 0.12113987141690635, 0.065281914]]
20.0, 17.8143, 9.7445, [[-0.001999997304282328, 0.000356728104865678, -0.999997936], [-0.175593019, -0.984462844, 0.0], [-0.98446081206869, 0.17559265657600878, 0.002031562]]
9.8908, 20.0, 10.8763, [[-0.100998649, 0.0, -0.994886563], [0.0, -1.0, 0.0], [-0.994886563, 0.0, 0.100998649]]
15.6061, 20.0, 10.121, [[-0.16159297, 0.0, -0.986857493], [0.0, -1.0, 0.0], [-0.986857493, 0.0, 0.16159297]]
-4.8354, 20.0, 11.2532, [[0.04529882577350587, 4.530199691782e-06, -0.998973481], [0.000100007, -0.999999995, 0.0], [-0.9989734760051326, -9.9904340914367e-05, -0.045298826]]
2.7073, 20.0, 11.3397, [[-0.028599777, 0.0, -0.999590943], [0.0, -1.0, 0.0], [-0.999590943, 0.0, 0.028599777]]
-14.742, 20.0, 10.2571, [[0.153702616, 0.0, -0.988117152], [0.0, -1.0, 0.0], [-0.988117152, 0.0, -0.153702616]]
-9.1956, 20.0, 10.9411, [[0.09609730951951345, 9.610403681170002e-06, -0.995371944], [0.000100007, -0.999999995, 0.0], [-0.9953719390231403, -9.9544162003608e-05, -0.09609731]]
-20.0, 17.9044, 9.722, [[-0.08939663695806231, 0.02406993480857032, -0.995705217], [-0.259989683, -0.965611394, 0.0], [-0.9614643026004425, 0.25887308372927625, 0.092580346]]
-20.0, 20.0, 9.3406, [[0.11919569697768477, -0.007535959351867909, -0.99284218], [-0.063097437, -0.998007371, 0.0], [-0.9908638138797088, 0.06264579690349267, -0.119433684]]
-18.0302, 20.0, 9.7021, [[0.1677009773922733, -0.0013249043905378607, -0.985837018], [-0.007900151, -0.999968793, 0.0], [-0.9858062529841792, 0.007788261303589717, -0.167706211]]
-20.0, 9.9027, 10.875, [[0.0, 0.0, -1.0], [-0.099504012, -0.995037161, 0.0], [-0.995037161, 0.099504012, 0.0]]
-20.0, 14.6953, 10.2661, [[0.0, 0.0, -1.0], [-0.156301555, -0.987709382, 0.0], [-0.987709382, 0.156301555, 0.0]]
-20.0, -2.9991, 11.3261, [[0.0, 0.0, -1.0], [0.029698867, -0.999558891, 0.0], [-0.999558891, -0.029698867, 0.0]]
-20.0, 3.2124, 11.3225, [[0.0, 0.0, -1.0], [-0.03529928, -0.999376786, 0.0], [-0.999376786, 0.03529928, 0.0]]
-20.0, -14.7754, 10.2522, [[0.0, 0.0, -1.0], [0.154093914, -0.988056206, 0.0], [-0.988056206, -0.154093914, 0.0]]
-20.0, -9.6321, 10.8973, [[-0.000100037144981085, -9.952466056256e-06, -0.999999995], [0.098998976, -0.995087535, 0.0], [-0.9950875300245624, -0.09899897550500512, 0.000100531]]
-17.7432, -20.0, 9.7516, [[0.27529031704526385, -0.02942894093470801, -0.960910599], [-0.10629583, -0.99433455, 0.0], [-0.9554666080468954, 0.10214078967650216, -0.276858847]]
-20.0, -20.0, 9.3327, [[0.06590169735907918, 0.008053593369431533, -0.997793619], [0.121303721, -0.992615438, 0.0], [-0.99042535015729, -0.12103607877475629, -0.066391973]]
-20.0, -18.1864, 9.6714, [[0.012799880257071, 0.0021506496195197, -0.999915765], [0.165698429, -0.98617647, 0.0], [-0.9860933994250496, -0.16568447139283318, -0.0129793]]
-8.7994, -20.0, 10.9762, [[0.09479967452600163, -9.480631097725e-06, -0.995496369], [-0.000100007, -0.999999995, 0.0], [-0.9954963640225183, 9.955660537458302e-05, -0.094799675]]
-14.6777, -20.0, 10.2689, [[0.155993318, 0.0, -0.98775811], [0.0, -1.0, 0.0], [-0.98775811, 0.0, -0.155993318]]
20.0, -9.6255, 10.9035, [[0.00010000044563688, 1.0314690307666e-05, -0.999999995], [0.102602086, -0.99472248, 0.0], [-0.9947224750263876, -0.10260208548698957, -0.000100531]]
20.0, -15.2349, 10.1801, [[0.0, 0.0, -1.0], [0.158201668, -0.987406822, 0.0], [-0.987406822, -0.158201668, 0.0]]
20.0, -17.3441, 9.8248, [[0.0, 0.0, -1.0], [0.172193185, -0.9850632, 0.0], [-0.9850632, -0.172193185, 0.0]]
20.0, -20.0, 9.3327, [[-0.12180219201205922, -0.008130235779985796, -0.992521096], [0.066601297, -0.997779669, 0.0], [-0.9903173706423973, -0.06610319229346152, 0.122073235]]
18.0123, -20.0, 9.7056, [[-0.1704072927632359, -0.001346315010998575, -0.985372793], [0.007900325, -0.999968792, 0.0], [-0.9853420414858761, -0.007784765310857725, 0.170412611]]
9.632, -20.0, 10.8974, [[-0.09960265350198673, 9.960962618578e-06, -0.995027292], [-0.000100007, -0.999999995, 0.0], [-0.9950272870248635, 9.9509694391044e-05, 0.099602654]]
15.0951, -20.0, 10.2049, [[-0.157502983, 0.0, -0.987518511], [0.0, -1.0, 0.0], [-0.987518511, 0.0, 0.157502983]]
-3.8654, -20.0, 11.2958, [[0.044300803, 0.0, -0.999018238], [0.0, -1.0, 0.0], [-0.999018238, 0.0, -0.044300803]]
3.45, -20.0, 11.3129, [[-0.033501259, 0.0, -0.999438675], [0.0, -1.0, 0.0], [-0.999438675, 0.0, 0.033501259]]
-3.1788, -20.0, 11.7815, [[0.030301256636443393, 9.091044027676e-06, -0.999540811], [0.000300022, -0.999999955, 0.0], [-0.9995407660206636, -0.000299884233197842, -0.030301258]]
8.8456, -20.0, 11.44, [[-0.09330360613392784, -1.866212115412e-05, -0.995637704], [0.000200015, -0.99999998, 0.0], [-0.9956376840872458, -0.00019914247536555998, 0.093303608]]
20.0, -20.0, 9.8112, [[-0.11980335651391186, -0.007876308566687747, -0.992766397], [0.065602018, -0.997845867, 0.0], [-0.9906278461429312, -0.06512747904578915, 0.120061986]]
20.0, -9.9202, 11.3442, [[-0.000300034528152996, -2.884601456763e-05, -0.999999955], [0.095701035, -0.995410122, 0.0], [-0.9954100772065446, -0.09570103069345344, 0.000301418]]
20.0, -0.1773, 11.8209, [[-0.00030002197599824, -1.2001750063799998e-07, -0.999999955], [0.000400029, -0.99999992, 0.0], [-0.9999998750000036, -0.000400028981998695, 0.000300022]]
20.0, 11.0954, 11.2282, [[-0.000299988999344196, 3.1063449575409e-05, -0.999999955], [-0.102997913, -0.994681572, 0.0], [-0.9946815272393292, 0.10299790836509391, 0.000301593]]
20.0, 20.0, 9.8144, [[-0.06379969514998972, 0.0076724966889470825, -0.99793323], [-0.119398854, -0.99284637, 0.0], [-0.9907943849078751, 0.11915208403051841, 0.064259383]]
12.1614, 20.0, 11.1109, [[-0.11090347800934326, 3.3273484776626e-05, -0.993831182], [-0.000300022, -0.999999955, 0.0], [-0.9938311372775969, 0.000298171218886004, 0.110903483]]
0.931, 20.0, 11.8236, [[-0.000800058963997345, 2.40035301298e-07, -0.99999968], [-0.000300022, -0.999999955, 0.0], [-0.9999996350000144, 0.00030002190399296, 0.000800059]]
-8.8469, 20.0, 11.4429, [[0.09360092512798146, -1.8721589413905e-05, -0.995609796], [-0.000200015, -0.99999998, 0.0], [-0.9956097760878041, 0.00019913689334694, -0.093600927]]
-20.0, 20.0, 9.819, [[0.11719513628149693, -0.007303393223388793, -0.993082051], [-0.062197571, -0.998063857, 0.0], [-0.9911593021385308, 0.06176729137589812, -0.117422483]]
-20.0, 9.9196, 11.3427, [[0.000300020142677528, -2.8995253853462003e-05, -0.999999955], [-0.096196159, -0.995362396, 0.0], [-0.9953623512086922, 0.09619615467117286, -0.000301418]]
-20.0, 0.1785, 11.8195, [[0.00030002198649901, -9.0013200484e-08, -0.999999955], [-0.000300022, -0.999999955, 0.0], [-0.9999999100000021, 0.00030002198649901, -0.000300022]]
-20.0, -11.0942, 11.2251, [[0.00030007969124495697, 3.1866929256069e-05, -0.999999954], [0.105601107, -0.994408571, 0.0], [-0.9944085252572057, -0.10560110214234908, -0.000301767]]
-20.0, -20.0, 9.8112, [[0.06490229009327794, 0.007798773606838896, -0.997861149], [0.119303547, -0.992857827, 0.0], [-0.9907342520438632, -0.1190483744891955, -0.065369168]]
-12.161, -20.0, 11.1099, [[0.11360291188786874, 3.4083374364174e-05, -0.993526234], [0.000300022, -0.999999955, 0.0], [-0.9935261892913195, -0.000298079727777148, -0.113602917]]
-3.1788, -20.0, 11.7815, [[0.030301256636443393, 9.091044027676e-06, -0.999540811], [0.000300022, -0.999999955, 0.0], [-0.9995407660206636, -0.000299884233197842, -0.030301258]]
-3.5152, -20.0, 12.2459, [[0.030001539649620986, 2.1002642980444e-05, -0.999549852], [0.000700052, -0.999999755, 0.0], [-0.9995496071102863, -0.000699736872992304, -0.030001547]]
9.0687, -20.0, 11.9112, [[-0.08619801748435406, -5.1722612513452e-05, -0.996278023], [0.000600044, -0.99999982, 0.0], [-0.9962778436699559, -0.000597810650033012, 0.086198033]]
20.0, -20.0, 10.315, [[-0.11759510428465271, -0.00761224241554747, -0.993032449], [0.064597447, -0.997911404, 0.0], [-0.9909584053991484, -0.06414736099355771, 0.117841227]]
20.0, -10.1218, 11.8173, [[-0.000599988057409468, -5.6708173951300006e-05, -0.999999818], [0.09409615, -0.995563114, 0.0], [-0.9955629328075133, -0.09409613287450071, 0.000602662]]
20.0, 0.2264, 12.2846, [[-0.00060004399699978, -6.000860030800001e-08, -0.99999982], [0.000100007, -0.999999995, 0.0], [-0.9999998150000009, -0.00010000698199874, 0.000600044]]
20.0, 11.2735, 11.7037, [[-0.000599915389966532, 6.1022870398383996e-05, -0.999999818], [-0.101196944, -0.994866412, 0.0], [-0.994866230934313, 0.10119692558215619, 0.000603011]]
20.0, 20.0, 10.3182, [[-0.06290021392121925, 0.007429480555689742, -0.997992167], [-0.117299941, -0.993096533, 0.0], [-0.9911025610088571, 0.11706442230756216, 0.063337462]]
12.3182, 20.0, 11.5888, [[-0.10900442929390829, 7.6308787431712e-05, -0.994041261], [-0.000700052, -0.999999755, 0.0], [-0.9940410174598912, 0.000695880572845572, 0.109004456]]
1.3125, 20.0, 12.2872, [[-0.00119991378401548, 7.200011962160001e-07, -0.99999928], [-0.000600044, -0.99999982, 0.0], [-0.9999991000001296, 0.00060004356796832, 0.001199914]]
-9.07, 20.0, 11.9141, [[0.08719919430414219, -5.232336276524e-05, -0.996190894], [-0.000600044, -0.99999982, 0.0], [-0.9961907146856391, 0.000597758368799336, -0.08719921]]
-20.0, 20.0, 10.3227, [[0.11509548889312099, -0.00706835518063092, -0.993329284], [-0.06129748, -0.998119541, 0.0], [-0.9914613690079386, 0.06088858191940432, -0.115312329]]
-20.0, 10.1212, 11.8159, [[0.000599959168806498, -5.701299978823801e-05, -0.999999818], [-0.094601949, -0.995515179, 0.0], [-0.9955149978162374, 0.09460193178244529, -0.000602662]]
-20.0, -0.2251, 12.2831, [[0.00060004399699978, 6.000860030800001e-08, -0.99999982], [0.000100007, -0.999999995, 0.0], [-0.9999998150000009, -0.00010000698199874, -0.000600044]]
-20.0, -11.2723, 11.7006, [[0.000599927708055642, 6.2610666386538e-05, -0.999999818], [0.103799933, -0.994598197, 0.0], [-0.9945980159831281, -0.10379991410841219, -0.000603186]]
-20.0, -20.0, 10.315, [[0.06389758282561732, 0.007533930914872362, -0.997928023], [0.117095238, -0.99312069, 0.0], [-0.9910629667720959, -0.11685261936005449, -0.064340199]]
-12.3178, -20.0, 11.5877, [[0.11160592565654151, 7.8129970609556e-05, -0.99375254], [0.000700052, -0.999999755, 0.0], [-0.9937522965306278, -0.0006956784531320801, -0.111605953]]
-3.5152, -20.0, 12.2459, [[0.030001539649620986, 2.1002642980444e-05, -0.999549852], [0.000700052, -0.999999755, 0.0], [-0.9995496071102863, -0.000699736872992304, -0.030001547]]
-3.8517, -20.0, 12.7102, [[0.029798641100672003, 2.9795646335744e-05, -0.999555921], [0.000999899, -0.9999995, 0.0], [-0.9995554212220396, -0.000999454965851979, -0.029798656]]
9.2918, -20.0, 12.3824, [[-0.08470058464968651, -8.4706810145771e-05, -0.996406445], [0.001000073, -0.9999995, 0.0], [-0.9964059467967775, -0.000996479182670485, 0.084700627]]
20.0, -20.0, 10.8188, [[-0.11549654404482468, -0.00736025360838071, -0.993280612], [0.063598037, -0.997975596, 0.0], [-0.9912698107559447, -0.06317069711335864, 0.11573083]]
20.0, -10.3234, 12.2904, [[-0.0009999563250926758, -9.289516595087398e-05, -0.999999496], [0.092500927, -0.995712598, 0.0], [-0.9957120961608507, -0.09250088037953279, 0.001004262]]
20.0, 0.63, 12.7483, [[-0.001000072954996715, 3.00043901606e-07, -0.9999995], [-0.000300022, -0.999999955, 0.0], [-0.9999994550000226, 0.000300021849989, 0.001000073]]
20.0, 11.4516, 12.1793, [[-0.0009999824883928001, 9.989806990416e-05, -0.999999495], [-0.099405021, -0.995047055, 0.0], [-0.9950465525012372, 0.09940497080046438, 0.00100496]]
20.0, 20.0, 10.822, [[-0.06190150221641295, 0.007172682254543801, -0.99805649], [-0.115102376, -0.993353634, 0.0], [-0.9914230412787846, 0.11487867338122024, 0.062315675]]
12.475, 20.0, 12.0667, [[-0.1143051138474145, 0.000114313515277483, -0.993445684], [-0.001000073, -0.9999995, 0.0], [-0.993445187277158, 0.000993518205534932, 0.114305171]]
1.6939, 20.0, 12.7509, [[-0.0014999342500325, 1.5000444952549999e-06, -0.999998875], [-0.001000073, -0.9999995, 0.0], [-0.9999983750005625, 0.0010000718749178749, 0.001499935]]
-9.2931, 20.0, 12.3853, [[0.08570171714912, -8.570801622848e-05, -0.996320836], [-0.001000073, -0.9999995, 0.0], [-0.9963203378395821, 0.000996393567421028, -0.08570176]]
-20.0, 20.0, 10.8264, [[0.11299584961750171, -0.006825788688060564, -0.993572014], [-0.060297514, -0.99818045, 0.0], [-0.9917641600419262, 0.059909922424173194, -0.113201826]]
-20.0, 10.3228, 12.289, [[0.000999909896051892, -9.3393598253928e-05, -0.999999496], [-0.092997244, -0.995666366, 0.0], [-0.9956658641841516, 0.09299719712938903, -0.001004262]]
-20.0, -0.6286, 12.7467, [[0.00100007291999416, 4.0005820211699996e-07, -0.9999995], [0.000400029, -0.99999992, 0.0], [-0.99999942000004, -0.0004000287999855, -0.001000073]]
-20.0, -11.4504, 12.1761, [[0.001000076121359604, 0.000102439914435297, -0.999999495], [0.101898933, -0.994794756, 0.0], [-0.9947942536286482, -0.10189888154103882, -0.001005309]]
-20.0, -20.0, 10.8188, [[0.06289824097629067, 0.007281390587502636, -0.997993383], [0.114996618, -0.993365883, 0.0], [-0.9913725781319521, -0.11476586383137868, -0.063318302]]
-12.4746, -20.0, 12.0655, [[0.1165975287012065, 0.00011658581064371301, -0.99317924], [0.000999899, -0.9999995, 0.0], [-0.99317874341038, -0.0009930789288967602, -0.116597587]]
-3.8517, -20.0, 12.7102, [[0.029798641100672003, 2.9795646335744e-05, -0.999555921], [0.000999899, -0.9999995, 0.0], [-0.9995554212220396, -0.000999454965851979, -0.029798656]]
-4.1881, -20.0, 13.1746, [[0.029498915073395703, 3.8346291583740004e-05, -0.999564812], [0.001299921, -0.999999155, 0.0], [-0.9995639673677339, -0.001299355289979852, -0.02949894]]
7.3865, -20.0, 13.0205, [[-0.05630067546348448, -6.7565813663008e-05, -0.998413857], [0.001200088, -0.99999928, 0.0], [-0.9984131381420229, -0.0011981844888194159, 0.056300716]]
20.0, -20.0, 11.3226, [[-0.1132985984168226, -0.007106365621375895, -0.993535569], [0.062599434, -0.998038732, 0.0], [-0.9915869794816585, -0.062194764278267936, 0.113521244]]
20.0, -10.525, 12.7635, [[-0.001299939185412759, -0.00011852060219950501, -0.999999148], [0.090797355, -0.995869389, 0.0], [-0.9958685405192805, -0.09079727764065354, 0.001305331]]
20.0, 1.0336, 13.212, [[-0.0012999207660142201, 7.80009796524e-07, -0.999999155], [-0.000600044, -0.99999982, 0.0], [-0.9999989750001521, 0.00060004349296282, 0.001299921]]
20.0, 11.6298, 12.6549, [[-0.001299954874497648, 0.00012761745659706, -0.999999147], [-0.097701015, -0.995215812, 0.0], [-0.9952149630809124, 0.0977009316610342, 0.001306204]]
20.0, 20.0, 11.3259, [[-0.06090155607830532, 0.00692645218453314, -0.998119745], [-0.113003442, -0.993594596, 0.0], [-0.991726384792898, 0.11279096671316229, 0.06129417]]
12.6318, 20.0, 12.5446, [[-0.11219830304555525, 0.000157069699914264, -0.993685824], [-0.001399928, -0.99999902, 0.0], [-0.9936848501878925, 0.001391088608220672, 0.112198413]]
2.0754, 20.0, 13.2145, [[-0.0017999554790363351, 2.3398019033970004e-06, -0.99999838], [-0.001299921, -0.999999155, 0.0], [-0.9999975350013689, 0.0012999188941279802, 0.001799957]]
-9.5162, 20.0, 12.8564, [[0.08420404484752197, -0.00010947335019102, -0.996448527], [-0.001300095, -0.999999155, 0.0], [-0.9964476850009947, 0.001295477747710065, -0.084204116]]
-20.0, 20.0, 11.33, [[0.11089501744790399, -0.0065985558394148795, -0.99381022], [-0.059397668, -0.9982344, 0.0], [-0.9920555486755679, 0.05903000950256696, -0.11109116]]
-20.0, 10.5245, 12.7622, [[0.0013000532578411378, -0.00011919497721347599, -0.999999148], [-0.091301746, -0.995823273, 0.0], [-0.9958224245585714, 0.09130166821091242, -0.001305506]]
-20.0, -1.0322, 13.2103, [[0.00129992058402528, 1.040013495339e-06, -0.999999155], [0.000800059, -0.99999968, 0.0], [-0.9999988350002704, -0.000800058323950145, -0.001299921]]
-20.0, -11.6285, 12.6516, [[0.001299990953840717, 0.000130783255961502, -0.999999146], [0.100097934, -0.994977589, 0.0], [-0.994976739289139, -0.10009784851636436, -0.001306553]]
-20.0, -20.0, 11.3226, [[0.06189857461302017, 0.007033169820549196, -0.998057664], [0.112897658, -0.993606622, 0.0], [-0.991676704088251, -0.11267837281455091, -0.062296862]]
-12.6314, -20.0, 12.5433, [[0.11450254678739419, 0.00016031551637387702, -0.993422942], [0.001400103, -0.99999902, 0.0], [-0.9934219684455168, -0.001390894441363026, -0.114502659]]
-4.1881, -20.0, 13.1746, [[0.029498915073395703, 3.8346291583740004e-05, -0.999564812], [0.001299921, -0.999999155, 0.0], [-0.9995639673677339, -0.001299355289979852, -0.02949894]]
-4.5245, -20.0, 13.639, [[0.02919917980712421, 4.96372174389e-05, -0.999573612], [0.00169995, -0.999998555, 0.0], [-0.9995721676161307, -0.0016992251617194, -0.029199222]]
7.6549, -20.0, 13.4881, [[-0.05539797509050112, -8.8633715911378e-05, -0.998464349], [0.001599943, -0.99999872, 0.0], [-0.9984630709656334, -0.001597486045932107, 0.055398046]]
20.0, -20.0, 11.8263, [[-0.11119856114207796, -0.006862794511656115, -0.993774513], [0.061599374, -0.998100955, 0.0], [-0.9918872904799598, -0.06121588789795486, 0.111410134]]
20.0, -10.7266, 13.2366, [[-0.0016999532692330498, -0.00015224434581914998, -0.999998543], [0.08920095, -0.99601365, 0.0], [-0.996012198808112, -0.08920082003421585, 0.001706757]]
20.0, 1.4373, 13.6757, [[-0.001599942352023085, 1.440054296238e-06, -0.99999872], [-0.000900066, -0.999999595, 0.0], [-0.9999983150005184, 0.00090006484791552, 0.001599943]]
20.0, 11.8079, 13.1304, [[-0.001699932835540044, 0.000163776844374948, -0.999998542], [-0.095899087, -0.995391061, 0.0], [-0.995389609719833, 0.09589894717913115, 0.001707804]]
20.0, 20.0, 11.8297, [[-0.05990149113127347, 0.006684445508313162, -0.998181912], [-0.110902269, -0.993831317, 0.0], [-0.9920244442085381, 0.11070063891555831, 0.060273298]]
12.7886, 20.0, 13.0225, [[-0.11010209290224586, 0.0001871683232874, -0.993920265], [-0.00169995, -0.999998555, 0.0], [-0.9939188287852171, 0.0016896147544867499, 0.110102252]]
2.4569, 20.0, 13.6781, [[-0.00209997631202688, 3.359846701197e-06, -0.999997795], [-0.001599943, -0.99999872, 0.0], [-0.9999965150028224, 0.001599939472125685, 0.002099979]]
-9.7393, 20.0, 13.3276, [[0.08269781350148682, -0.00014058235120335, -0.996574659], [-0.00169995, -0.999998555, 0.0], [-0.9965732189496177, 0.0016941270915670499, -0.082697933]]
-20.0, 20.0, 11.8337, [[0.10880505889762863, -0.006365405839188933, -0.994042726], [-0.058402989, -0.998293089, 0.0], [-0.9923459835365206, 0.058055066392108015, -0.108991097]]
-20.0, 8.6637, 13.4143, [[0.0017000886295431123, -0.00012238461786524802, -0.999998547], [-0.071801396, -0.997418949, 0.0], [-0.9974174997502672, 0.07180129167257161, -0.001704488]]
-20.0, -1.4358, 13.6739, [[0.001599942032034485, 1.7600668953829999e-06, -0.99999872], [0.001100081, -0.999999395, 0.0], [-0.9999981150007744, -0.0011000795918963198, -0.001599943]]
-20.0, -11.8067, 13.1271, [[0.001699880778857589, 0.000167904755897311, -0.999998541], [0.098296087, -0.995157213, 0.0], [-0.9951557610656262, -0.09829594358600907, -0.001708153]]
-20.0, -20.0, 11.8263, [[0.06089910242025333, 0.0067831576252034, -0.998120878], [0.110698975, -0.993853982, 0.0], [-0.9919864091176362, -0.11049095812070006, -0.061275704]]
-12.7882, -20.0, 13.0211, [[0.11229693173069917, 0.0001908994449453, -0.993674676], [0.00169995, -0.999998555, 0.0], [-0.9936732401400932, -0.0016891972654662, -0.112297094]]
-4.5245, -20.0, 13.639, [[0.02919917980712421, 4.96372174389e-05, -0.999573612], [0.00169995, -0.999998555, 0.0], [-0.9995721676161307, -0.0016992251617194, -0.029199222]]
-4.8609, -20.0, 14.1033, [[0.028999408001068004, 5.7998091015486003e-05, -0.999579427], [0.001999971, -0.999998, 0.0], [-0.9995774278411461, -0.001999129866196617, -0.028999466]]
7.9233, -20.0, 13.9558, [[-0.061898700202352004, -0.000123795852934104, -0.998082429], [0.001999971, -0.999998, 0.0], [-0.998080432835142, -0.001996135913609559, 0.061898824]]
20.0, -20.0, 12.3301, [[-0.10909800041294276, -0.006623372651836371, -0.994008932], [0.06059873, -0.998162208, 0.0], [-0.9921821503368418, -0.06023567888785636, 0.109298869]]
20.0, -8.9091, 13.8815, [[-0.0019999732430835758, -0.00014235294796766397, -0.99999799], [0.070997808, -0.997476472, 0.0], [-0.9974744670722913, -0.07099766529440592, 0.002005033]]
20.0, 1.8409, 14.1394, [[-0.001999969310024505, 2.5998043022910005e-06, -0.999998], [-0.001299921, -0.999999155, 0.0], [-0.9999971550016901, 0.0012999184001580002, 0.001999971]]
20.0, 11.986, 13.606, [[-0.0021000886079755596, 0.00020169616048516798, -0.999997774], [-0.095601834, -0.995419655, 0.0], [-0.9954174391958479, 0.09560162119031751, 0.002109752]]
20.0, 20.0, 12.3336, [[-0.0590013608605755, 0.006451810394124916, -0.998237053], [-0.108702226, -0.994074356, 0.0], [-0.9923218555963129, 0.10851058973677997, 0.059353066]]
12.9454, 20.0, 13.5004, [[-0.10800519084802905, 0.000226827925730637, -0.994150304], [-0.002100153, -0.999997795, 0.0], [-0.9941481118985797, 0.002087867743396512, 0.108005429]]
2.8384, 20.0, 14.1418, [[-0.0023999952, 4.7999304e-06, -0.99999712], [-0.001999971, -0.999998, 0.0], [-0.99999512000576, 0.00199996524008352, 0.0024]]
-9.9623, 20.0, 13.7988, [[0.08129907740152, -0.00016259612232204, -0.996689738], [-0.001999971, -0.999998, 0.0], [-0.9966877446205241, 0.0019933505719975982, -0.08129924]]
-20.0, 20.0, 12.3373, [[0.10680169853443083, -0.006151395658538625, -0.994261313], [-0.057501125, -0.998345442, 0.0], [-0.9926162499904853, 0.05717114404147713, -0.106978701]]
-20.0, 8.9102, 13.8836, [[0.002000029855190331, -0.000141555331805033, -0.99999799], [-0.070600001, -0.997504707, 0.0], [-0.997502702015539, 0.07059985909399799, -0.002005033]]
-20.0, -1.8393, 14.1375, [[0.00199996904002842, 2.799815402088e-06, -0.999998], [0.001399928, -0.99999902, 0.0], [-0.99999702000196, -0.0013999252001440001, -0.001999971]]
-20.0, -11.9848, 13.6026, [[0.002099998143502086, 0.00020444985857154003, -0.999997774], [0.09689902, -0.995294218, 0.0], [-0.9952920024750707, -0.09689880430278149, -0.002109927]]
-20.0, -20.0, 12.3301, [[0.05989881712729896, 0.00654357872124522, -0.998183006], [0.108597779, -0.994085772, 0.0], [-0.9922795241167907, -0.10840045748714368, -0.06025518]]
-12.9449, -20.0, 13.4989, [[0.11020071400688981, 0.000231419695479903, -0.993909326], [0.002099979, -0.999997795, 0.0], [-0.9939071344299362, -0.002087188712504154, -0.110200957]]
-4.8609, -20.0, 14.1033, [[0.028999408001068004, 5.7998091015486003e-05, -0.999579427], [0.001999971, -0.999998, 0.0], [-0.9995774278411461, -0.001999129866196617, -0.028999466]]
-5.1974, -20.0, 14.5677, [[0.028699668089177118, 6.6009210301792e-05, -0.999588078], [0.002299993, -0.999997355, 0.0], [-0.9995854340895337, -0.002299045582283454, -0.028699744]]
8.1916, -20.0, 14.4234, [[-0.06090255160014624, -0.000146177141874498, -0.998143706], [0.002400174, -0.99999712, 0.0], [-0.9981408313461267, -0.0023957185714048443, 0.060902727]]
20.0, -20.0, 12.8339, [[-0.10689801342334675, -0.006382330112260584, -0.994249506], [0.059598722, -0.998222416, 0.0], [-0.9924821439861264, -0.059255999906731326, 0.107088372]]
20.0, -9.1555, 14.3508, [[-0.0023998928349177598, -0.00016791534795839998, -0.999997106], [0.069797215, -0.997561201, 0.0], [-0.9975583140578843, -0.06979701300685978, 0.00240576]]
20.0, 2.2446, 14.6031, [[-0.00229999005600896, 3.679857700399e-06, -0.999997355], [-0.001599943, -0.99999872, 0.0], [-0.9999960750033856, 0.001599938768150765, 0.002299993]]
20.0, 12.1642, 14.0815, [[-0.0024000178306148377, 0.00022611622995627397, -0.999997094], [-0.093799019, -0.995591153, 0.0], [-0.9955882598121094, 0.09379874642005079, 0.002410646]]
20.0, 20.0, 12.8374, [[-0.05800055729040902, 0.006218355568178194, -0.998297184], [-0.106601089, -0.99430187, 0.0], [-0.9926087568669341, 0.10641956696003338, 0.058332946]]
13.1022, 20.0, 13.9783, [[-0.10589723301509056, 0.00025415409119999995, -0.994377047], [-0.0024, -0.99999712, 0.0], [-0.9943741831941045, 0.0023865049128, 0.105897538]]
3.2199, 20.0, 14.6054, [[-0.00280002059392594, 6.440044799804001e-06, -0.99999608], [-0.002299993, -0.999997355, 0.0], [-0.9999934350103683, 0.00229998398402744, 0.002800028]]
-10.1854, 20.0, 14.27, [[0.07980064317348576, -0.00019152209519999997, -0.996810825], [-0.0024, -0.99999712, 0.0], [-0.9968079541848239, 0.0023923459799999997, -0.079800873]]
-20.0, 20.0, 12.841, [[0.10469917360574463, -0.005935423812625251, -0.994486226], [-0.056599388, -0.99839697, 0.0], [-0.9928920347451353, 0.05628731176602969, -0.104867279]]
-20.0, 9.1567, 14.3529, [[0.00239997635328192, -0.00016671738533184, -0.999997106], [-0.069299259, -0.997595917, 0.0], [-0.9975930299574163, 0.06929905844794446, -0.00240576]]
-20.0, -2.2429, 14.6011, [[0.00229998927401134, 4.139888500301e-06, -0.999997355], [0.001799957, -0.99999838, 0.0], [-0.9999957350042848, -0.001799952239113735, -0.002299993]]
-20.0, -12.1629, 14.0781, [[0.002399895356915322, 0.000229260053396997, -0.999997094], [0.095096257, -0.995468082, 0.0], [-0.9954651891697538, -0.09509598065027716, -0.002410821]]
-20.0, -20.0, 12.8339, [[0.05889807461534029, 0.006308331190809272, -0.998244069], [0.106496792, -0.994313046, 0.0], [-0.9925671008988242, -0.10630979098152665, -0.059234941]]
-13.1017, -20.0, 13.9767, [[0.10800511794436447, 0.000259231822544646, -0.994150304], [0.002400174, -0.99999712, 0.0], [-0.9941474408471245, -0.002386133711752896, -0.108005429]]
-5.1974, -20.0, 14.5677, [[0.028699668089177118, 6.6009210301792e-05, -0.999588078], [0.002299993, -0.999997355, 0.0], [-0.9995854340895337, -0.002299045582283454, -0.028699744]]
-5.5338, -20.0, 15.0321, [[0.02839974048256862, 7.6680175196724e-05, -0.999596643], [0.002700021, -0.999996355, 0.0], [-0.9995929994702362, -0.0026989319276295026, -0.028399844]]
8.46, -20.0, 14.8911, [[-0.05990008066341014, -0.00016173206520627898, -0.998204365], [0.002700021, -0.999996355, 0.0], [-0.9982007265450895, -0.002695172747791665, 0.059900299]]
20.0, -20.0, 13.3377, [[-0.10479641437744568, -0.00615146266152061, -0.994474671], [0.058598305, -0.998281643, 0.0], [-0.9927658084877644, -0.05827453008603266, 0.104976802]]
20.0, -9.402, 14.8201, [[-0.002700102678919387, -0.000185672007769931, -0.999996337], [0.068602789, -0.997644053, 0.0], [-0.9976403986298339, -0.06860253770798388, 0.002706479]]
20.0, 2.6482, 15.0668, [[-0.002600008799972, 5.199952599594e-06, -0.99999662], [-0.001999971, -0.999998, 0.0], [-0.9999946200067601, 0.00199996424009802, 0.002600014]]
20.0, 12.3423, 14.5571, [[-0.002799798482347588, 0.000258667863172168, -0.999996047], [-0.091996244, -0.995759354, 0.0], [-0.9957554177632737, 0.09199588033884747, 0.002811722]]
20.0, 20.0, 13.3412, [[-0.056999498513471844, 0.005989178808112995, -0.998356242], [-0.104498955, -0.994524996, 0.0], [-0.992890237581625, 0.10432718400672711, 0.057313289]]
13.259, 20.0, 14.4562, [[-0.1037993531049408, 0.00029064223439328, -0.994598215], [-0.002800028, -0.99999608, 0.0], [-0.9945943161749972, 0.00278490285075002, 0.10379976]]
3.6013, 20.0, 15.0691, [[-0.0031000385218343802, 8.060170800686e-06, -0.999995195], [-0.002600014, -0.99999662, 0.0], [-0.9999918150162409, 0.00260000150693273, 0.003100049]]
-8.4579, 20.0, 14.8875, [[0.05999973330017496, -0.000162001130398992, -0.99819838], [-0.002700021, -0.999996355, 0.0], [-0.9981947415669049, 0.00269515658816598, -0.059999952]]
-20.0, 20.0, 13.3447, [[0.10259661775799676, -0.005713031874218008, -0.994706638], [-0.055598276, -0.99845322, 0.0], [-0.9931680456664744, 0.055303974198556094, -0.102755558]]
-20.0, 9.4031, 14.8222, [[0.00269984808994481, -0.00018428204615226001, -0.999996338], [-0.068098002, -0.997678637, 0.0], [-0.9976749835008313, 0.06809775262511668, -0.00270613]]
-20.0, -2.6465, 15.0648, [[0.00260000826696913, 5.459974799706e-06, -0.99999662], [0.002099979, -0.999997795, 0.0], [-0.9999944150074529, -0.00209997190207098, -0.002600014]]
-20.0, -12.341, 14.5535, [[0.00280017771011004, 0.00026212791901738, -0.999996045], [0.093203689, -0.995647062, 0.0], [-0.9956431242158698, -0.09320332037941001, -0.00281242]]
-20.0, -20.0, 13.3377, [[0.057902726453329834, 0.006078567405028599, -0.998303724], [0.104405223, -0.994534841, 0.0], [-0.9928478354180479, -0.10422812292595046, -0.058220913]]
-13.2585, -20.0, 14.4545, [[0.10589712288165104, 0.000296497645359452, -0.994377047], [0.002799854, -0.99999608, 0.0], [-0.9943731490419757, -0.002784110552551138, -0.105897538]]
-5.5338, -20.0, 15.0321, [[0.02839974048256862, 7.6680175196724e-05, -0.999596643], [0.002700021, -0.999996355, 0.0], [-0.9995929994702362, -0.0026989319276295026, -0.028399844]]
-5.8702, -20.0, 15.4964, [[0.028199957099622003, 8.4601436403528e-05, -0.999602299], [0.003000042, -0.9999955, 0.0], [-0.9995978007896545, -0.002998848880296558, -0.028200084]]
8.7284, -20.0, 15.3587, [[-0.05889754395985951, -0.000176685593591403, -0.998264017], [0.002999867, -0.9999955, 0.0], [-0.9982595248119236, -0.002994659281885739, 0.058897809]]
20.0, -20.0, 13.8414, [[-0.10270436067834145, -0.00592585280781064, -0.994694274], [0.05760236, -0.998339606, 0.0], [-0.993042689595616, -0.05729673766088664, 0.102875174]]
20.0, -9.6485, 15.2894, [[-0.0030000314118993027, -0.00020236707768565802, -0.999995479], [0.067302042, -0.997732647, 0.0], [-0.9977281362507029, -0.06730173772746813, 0.003006849]]
20.0, 3.0519, 15.5305, [[-0.002900027329407425, 6.670060199755e-06, -0.999995795], [-0.002299993, -0.999997355, 0.0], [-0.9999931500111222, 0.0022999833285294352, 0.002900035]]
20.0, 12.5205, 15.0326, [[-0.0031001007209033697, 0.00028077944467661, -0.999995155], [-0.090201859, -0.995923503, 0.0], [-0.9959186777506279, 0.09020142197199314, 0.00311279]]
20.0, 20.0, 13.8451, [[-0.05599801804626, 0.0057643214895, -0.99841424], [-0.102396875, -0.994743625, 0.0], [-0.99316620034922, 0.1022344981315, 0.05629392]]
13.4159, 20.0, 14.9341, [[-0.10179999784865996, 0.00031558649792386297, -0.994804836], [-0.003100049, -0.999995195, 0.0], [-0.994800055962763, 0.003083943737036964, 0.101800487]]
3.9828, 20.0, 15.5327, [[-0.003399880703441525, 9.859814496325e-06, -0.99999422], [-0.002900035, -0.999995795, 0.0], [-0.999990015024305, 0.0029000182377977002, 0.003399895]]
-8.7264, 20.0, 15.3553, [[0.0589972035113895, -0.00017698456033662298, -0.998258132], [-0.002999867, -0.9999955, 0.0], [-0.9982536398384061, 0.002994641627668444, -0.058997469]]
-20.0, 20.0, 13.8483, [[0.10050326114482873, -0.00550594003232322, -0.994921494], [-0.05470167, -0.998502743, 0.0], [-0.993431840828658, 0.05442386724069498, -0.100653966]]
-20.0, 9.6496, 15.2915, [[0.002999938641332336, -0.00020113849886050798, -0.99999548], [-0.066897342, -0.997759864, 0.0], [-0.9977553541254148, 0.06689703962401417, -0.003006674]]
-20.0, -3.05, 15.5284, [[0.00300003262486875, 7.500126000294e-06, -0.9999955], [0.002500007, -0.999996875, 0.0], [-0.9999923750140626, -0.0024999957499685, -0.003000042]]
-20.0, -12.5191, 15.029, [[0.003100107926266491, 0.000284543980381332, -0.999995154], [0.091400988, -0.995814169, 0.0], [-0.9958093432845371, -0.09140054507081216, -0.003113139]]
-20.0, -20.0, 13.8414, [[0.05690148189994627, 0.005851842409623357, -0.998362648], [0.102302081, -0.994753379, 0.0], [-0.9931246175653876, -0.10213457648307049, -0.057201597]]
-13.4153, -20.0, 14.9323, [[0.1037992612421532, 0.00032178434218824, -0.994598215], [0.003100049, -0.999995195, 0.0], [-0.9945934359555769, -0.0030833032018125353, -0.10379976]]
-5.8702, -20.0, 15.4964, [[0.028199957099622003, 8.4601436403528e-05, -0.999602299], [0.003000042, -0.9999955, 0.0], [-0.9995978007896545, -0.002998848880296558, -0.028200084]]
-6.2066, -20.0, 15.9608, [[0.02790020208257247, 9.2072925922302e-05, -0.999610709], [0.003300063, -0.999994555, 0.0], [-0.9996052661196896, -0.0032987783151746672, -0.027900354]]
8.9967, -20.0, 15.8264, [[-0.05790102433014498, -0.00019686861579377098, -0.998322309], [0.003400069, -0.99999422, 0.0], [-0.998316538697054, -0.003394364734839321, 0.057901359]]
20.0, -20.0, 14.3452, [[-0.10060165260958162, -0.005703310460566759, -0.994910438], [0.056601131, -0.998396871, 0.0], [-0.9933154682244395, -0.05631305603450538, 0.100763189]]
20.0, -9.8949, 15.7587, [[-0.0033999478867188003, -0.0002252312559954, -0.999994195], [0.066100621, -0.997812962, 0.0], [-0.9978071696957556, -0.06610023728589509, 0.0034074]]
20.0, 3.4555, 15.9942, [[-0.003300050971270365, 8.910239401323e-06, -0.999994555], [-0.002700021, -0.999996355, 0.0], [-0.999990910019847, 0.0027000062983856547, 0.003300063]]
20.0, 12.6986, 15.5082, [[-0.0033999715005368037, 0.00030173297413221004, -0.999994175], [-0.088398315, -0.996085206, 0.0], [-0.996079403803675, 0.08839780007981513, 0.003413334]]
20.0, 20.0, 14.3489, [[-0.055102230548387914, 0.005549396621948784, -0.998465297], [-0.100204038, -0.994966909, 0.0], [-0.9934399302998569, 0.10005025456226928, 0.055380968]]
13.5727, 20.0, 15.412, [[-0.09970123972350352, 0.00033899305382530397, -0.995017361], [-0.003400069, -0.99999422, 0.0], [-0.9950116097996535, 0.0033831276835979093, 0.099701816]]
4.3643, 20.0, 15.9964, [[-0.003699894853962825, 1.2209305109519999e-05, -0.999993155], [-0.003299888, -0.999994555, 0.0], [-0.999987710037271, 0.00329986541226664, 0.003699915]]
-8.9948, 20.0, 15.8231, [[0.05800068875408128, -0.000197207483670656, -0.998316524], [-0.003400069, -0.99999422, 0.0], [-0.9983107537304914, 0.003394345065440156, -0.058001024]]
-20.0, 20.0, 14.352, [[0.09849817098399193, -0.005306780657535103, -0.995123082], [-0.053798921, -0.998551789, 0.0], [-0.9936819338062937, 0.05353654807379452, -0.098641024]]
-20.0, 9.896, 15.7608, [[0.003400037596746, -0.00022387294028160002, -0.999994195], [-0.065701984, -0.99783929, 0.0], [-0.9978334975429216, 0.06570160259998288, -0.0034074]]
-20.0, -3.4536, 15.992, [[0.00330005006375304, 9.240268801764001e-06, -0.999994555], [0.002800028, -0.99999608, 0.0], [-0.9999906350213443, -0.00280001275384754, -0.003300063]]
-20.0, -12.6972, 15.5045, [[0.003399953423000225, 0.00030585675254643594, -0.999994173], [0.089597292, -0.995978075, 0.0], [-0.9959722714357571, -0.08959676991657951, -0.003413683]]
-20.0, -20.0, 14.3452, [[0.056000080048810456, 0.0056339059897898055, -0.998414869], [0.100100018, -0.99497738, 0.0], [-0.9934002105106632, -0.09994134635836764, -0.056282767]]
-13.5721, -20.0, 15.4101, [[0.101601929684369, 0.000355616653793952, -0.994825071], [0.003500076, -0.999993875, 0.0], [-0.9948189776964401, -0.0034819633552053957, -0.101602552]]
-6.2066, -20.0, 15.9608, [[0.02790020208257247, 9.2072925922302e-05, -0.999610709], [0.003300063, -0.999994555, 0.0], [-0.9996052661196896, -0.0032987783151746672, -0.027900354]]
-6.5431, -20.0, 16.4252, [[0.027600258074940286, 0.00010212413794023, -0.999619035], [0.00370009, -0.999993155, 0.0], [-0.9996121926077054, -0.00369868039521315, -0.027600447]]
9.2651, -20.0, 16.294, [[-0.05479940989547167, -0.00020275454651827498, -0.998497363], [0.003699915, -0.999993155, 0.0], [-0.9984905282855503, -0.0036943553708241447, 0.054799785]]
20.0, -20.0, 14.849, [[-0.09849832887638925, -0.005484890059901052, -0.995122101], [0.055598973, -0.998453181, 0.0], [-0.9935828272268533, -0.055327766825202275, 0.098650924]]
20.0, -10.1414, 16.228, [[-0.00370017125983084, -0.00023172332626586, -0.999993127], [0.062502583, -0.998044802, 0.0], [-0.9980379424380759, -0.06250215341974703, 0.00370742]]
20.0, 3.8592, 16.4579, [[-0.0035998918004140003, 1.0799875196136001e-05, -0.99999352], [-0.003000042, -0.9999955, 0.0], [-0.99998902002916, 0.00300002255972784, 0.003599908]]
20.0, 12.8767, 15.9837, [[-0.0038000767236836563, 0.00033034116714497603, -0.999992725], [-0.086603522, -0.996242857, 0.0], [-0.9962356093332154, 0.08660289195937745, 0.003814408]]
20.0, 20.0, 14.8528, [[-0.0541003207372672, 0.005332964194237184, -0.998521264], [-0.098099991, -0.995176563, 0.0], [-0.9937049595899357, 0.09795492701170862, 0.054362535]]
13.7295, 20.0, 15.8899, [[-0.09760182330974784, 0.000370898976242688, -0.995225475], [-0.003800096, -0.99999278, 0.0], [-0.9952182894720706, 0.0037819523466456, 0.097602528]]
4.7458, 20.0, 16.46, [[-0.0039999090804211995, 1.439939800598e-05, -0.999992], [-0.003599908, -0.99999352, 0.0], [-0.9999855200518399, 0.003599879200736, 0.003999935]]
-9.2633, 20.0, 16.2908, [[0.055098627847310774, -0.000203861635084575, -0.998480896], [-0.003699915, -0.999993155, 0.0], [-0.9984740613982669, 0.0036942944443238398, -0.055099005]]
-20.0, 20.0, 14.8557, [[0.0964038899337015, -0.005097447106896532, -0.995329245], [-0.052802186, -0.998604992, 0.0], [-0.993940752740591, 0.05255555992572957, -0.096538562]]
-20.0, 10.1425, 16.2301, [[0.00370017125983084, -0.00023172332626586, -0.999993127], [-0.062502583, -0.998044802, 0.0], [-0.9980379424380759, 0.06250215341974703, -0.00370742]]
-20.0, -3.8572, 16.4556, [[0.0035998907024420604, 1.1159891195492e-05, -0.99999352], [0.003100049, -0.999995195, 0.0], [-0.9999887150311364, -0.00310002891168248, -0.003599908]]
-20.0, -12.8753, 15.98, [[0.0038001973015758662, 0.00033496120396439, -0.999992723], [0.08780269, -0.996137886, 0.0], [-0.9961306371046035, -0.08780205105982487, -0.003814931]]
-20.0, -20.0, 14.849, [[0.0549980342234256, 0.005415709293779713, -0.998471775], [0.097996992, -0.995186711, 0.0], [-0.993665841788582, -0.0978472305469008, -0.055264036]]
-13.7288, -20.0, 15.8879, [[0.09950294658353871, 0.00037812347935184, -0.995037196], [0.003800096, -0.99999278, 0.0], [-0.9950300118314449, -0.003781236868370816, -0.099503665]]
-6.5431, -20.0, 16.4252, [[0.027600258074940286, 0.00010212413794023, -0.999619035], [0.00370009, -0.999993155, 0.0], [-0.9996121926077054, -0.00369868039521315, -0.027600447]]
-6.8795, -20.0, 16.8896, [[0.027400463794536, 0.000109605718674447, -0.999624531], [0.004000109, -0.999992, 0.0], [-0.999616534003752, -0.003998607083073879, -0.027400683]]
9.5335, -20.0, 16.7617, [[-0.05380230273404147, -0.00022059753661958, -0.998551583], [0.004100116, -0.999991594, 0.0], [-0.9985431891753933, -0.004094177322283628, 0.053802755]]
20.0, -20.0, 15.3528, [[-0.09629552543780427, -0.005265327328755689, -0.995338861], [0.054597281, -0.998508456, 0.0], [-0.9938542692939086, -0.05434279548423694, 0.096439369]]
20.0, -8.6336, 16.8129, [[-0.00409993566943086, -0.00018550081530236, -0.999991578], [0.045198572, -0.998978022, 0.0], [-0.9989696086070987, -0.04519819133762662, 0.00410413]]
20.0, 4.2628, 16.9216, [[-0.00389990545841616, 1.325934570756e-05, -0.999992395], [-0.003399895, -0.99999422, 0.0], [-0.999986615043957, 0.003399869143798525, 0.003899928]]
20.0, 13.0549, 16.4593, [[-0.004099955811903066, 0.000348929929451264, -0.999991534], [-0.084799232, -0.996398058, 0.0], [-0.996389622494041, 0.08479851408970189, 0.004114777]]
20.0, 20.0, 15.3566, [[-0.0531977827761102, 0.005130479139941806, -0.998570816], [-0.095996201, -0.9953817, 0.0], [-0.9939591164004672, 0.09585900476547002, 0.053444606]]
13.8863, 20.0, 16.3678, [[-0.09550200220342117, 0.00039157257882537996, -0.995429161], [-0.004100116, -0.999991594, 0.0], [-0.9954207934224727, 0.004081375029882676, 0.095502805]]
