305.8514, 20.1177, 53.3626, [[-0.00410003741968839, 0.00406759950451478, -0.999983322], [-0.70429294, -0.70990947, 0.0], [-0.7098976301298594, 0.7042811938023467, 0.005775437]]
305.9486, 20.2803, 53.201499999999996, [[-0.003200041063372846, 0.003206324907319688, -0.99998974], [-0.707800024, -0.706412858, 0.0], [-0.7064056102040769, 0.7077927619717537, 0.004529987]]
307.1589, 22.2031, 51.095600000000005, [[0.010999821031972255, -0.012850537660335056, -0.999856924], [-0.759692422, -0.650282572, 0.0], [-0.6501895321707285, 0.7595837282470299, -0.016915448]]
310.8413, 21.2023, 52.2952, [[0.010499986321336217, -0.011866063980083552, -0.999874466], [-0.748899975, -0.662683052, 0.0], [-0.6625998627457502, 0.7488059625905383, -0.015844658]]
310.3794, 20.423, 53.0589, [[0.010499517341763962, -0.010477513626056102, -0.999889985], [-0.706364678, -0.707848107, 0.0], [-0.7077702330905085, 0.7062869672899499, -0.014833009]]
310.2598, 20.2229, 53.257400000000004, [[0.01040024137394745, -0.009915011401217802, -0.999896758], [-0.690020732, -0.723789603, 0.0], [-0.723714877513807, 0.6899494928795868, -0.01436915]]
307.2344, 14.6248, 57.6458, [[0.0020000636695612197, -0.001217921306991942, -0.999997258], [-0.520100007, -0.85410537, 0.0], [-0.8541030280430755, 0.5200985808857809, -0.002341706]]
307.1304, 14.4146, 57.771699999999996, [[0.0029998799072558403, -0.0017874897966767519, -0.999993903], [-0.511874349, -0.85906033, 0.0], [-0.859055092309168, 0.5118712281020941, -0.003492048]]
304.0939, 7.8914, 60.6734, [[0.000500015854855242, -0.00015770697257345498, -0.999999863], [-0.300797015, -0.953688186, 0.0], [-0.9536880553447186, 0.30079697379080894, -0.000524297]]
304.0062, 7.694, 60.7341, [[0.001200083438812615, -0.000368600815071685, -0.999999212], [-0.293608739, -0.955925681, 0.0], [-0.9559249277305634, 0.2936085076363137, -0.001255415]]
303.4128, 6.356, 61.150099999999995, [[0.006200126448387864, -0.001522703211477623, -0.99997962], [-0.238504813, -0.971141315, 0.0], [-0.9711215231400002, 0.23849995227191106, -0.006384371]]
301.0312, 0.8059, 61.9544, [[0.01479982334693442, -0.0008390058955653679, -0.999890125], [-0.056599388, -0.99839697, 0.0], [-0.9982872711329213, 0.0565931691422435, -0.014823586]]
300.8771, 0.4435, 61.976299999999995, [[0.010399586090069088, -0.000567597772822344, -0.999945762], [-0.054497771, -0.998513892, 0.0], [-0.9984597346035257, 0.0544948151498965, -0.010415064]]
299.7134, -2.2983, 61.979600000000005, [[0.019700757143290153, 0.000994212247055916, -0.999805427], [0.050401547, -0.998729034, 0.0], [-0.9985347082956675, -0.05039174021979557, -0.019725828]]
299.5814, -2.6089, 61.960899999999995, [[-0.0045997819971325205, -0.00025382578332824, -0.999989389], [0.055098308, -0.998480934, 0.0], [-0.9984703391188093, -0.05509772335185381, 0.00460678]]
296.5355, -9.6616, 60.717, [[0.007700381758481903, 0.002423539260624932, -0.999967415], [0.300212054, -0.953872488, 0.0], [-0.9538414060649785, -0.3002022715902204, -0.008072758]]
296.4245, -9.9109, 60.6383, [[0.006899683256760304, 0.0022287856515281, -0.999973713], [0.307387675, -0.951584372, 0.0], [-0.9515593577016133, -0.30737959470018733, -0.007250732]]
293.394, -16.4112, 57.72, [[0.005099734495683695, 0.0031125980281257277, -0.999982152], [0.520973878, -0.853572621, 0.0], [-0.8535573864358603, -0.5209645796582254, -0.005974576]]
293.3025, -16.5951, 57.6078, [[0.004200040804242261, 0.002596237596974703, -0.99998781], [0.525799933, -0.850608271, 0.0], [-0.8505979020851766, -0.5257935234988168, -0.004937691]]
290.8413, -21.2499, 54.157, [[-0.01039980684176343, -0.00871505432364185, -0.999907942], [0.642293588, -0.766458705, 0.0], [-0.7663881463445351, -0.6422344597368759, 0.013568646]]
287.1589, -20.0503, 55.1578, [[0.011800335650240558, 0.0100749877800042, -0.999879616], [0.649319437, -0.760515791, 0.0], [-0.7604242370670162, -0.6492412693288963, -0.015516227]]
287.6726, -19.0971, 55.9046, [[-0.002200156557506388, -0.0017273796254310958, -0.999996088], [0.617530886, -0.786546633, 0.0], [-0.7865435560295717, -0.6175284702191739, 0.002797236]]
287.6828, -19.1267, 55.8814, [[-0.0019001410919545839, -0.001495351665691553, -0.999997077], [0.618430889, -0.785839192, 0.0], [-0.7858368949920417, -0.6184290813265114, 0.002417977]]
288.9, -16.711, 57.538399999999996, [[-0.007099993170161924, -0.00425554182118265, -0.99996574], [0.51410005, -0.857730225, 0.0], [-0.8577008391624915, -0.5140824369322871, 0.008277653]]
292.0068, -10.0742, 60.5874, [[-0.003900070631614752, -0.001238224969494828, -0.999991628], [0.302602956, -0.953116704, 0.0], [-0.9531087245069542, -0.3026004226080523, 0.004091913]]
288.9, -16.711, 57.538399999999996, [[-0.007099993170161924, -0.00425554182118265, -0.99996574], [0.51410005, -0.857730225, 0.0], [-0.8577008391624915, -0.5140824369322871, 0.008277653]]
288.9662, -16.5774, 57.6191, [[-0.006700094258764811, -0.00396619322148965, -0.999969689], [0.509399965, -0.860529881, 0.0], [-0.8605037974787771, -0.5093845245776608, 0.00778601]]
292.1195, -9.821, 60.6676, [[-0.00259993919702871, -0.0008083723839059101, -0.999996293], [0.296899921, -0.954908601, 0.0], [-0.9549050611538161, -0.2968988203919929, 0.00272271]]
295.1472, -2.8182, 61.9482, [[0.00420006718988644, 0.00034557627774326, -0.99999112], [0.082001651, -0.996632194, 0.0], [-0.9966233439061173, -0.08200092282533912, -0.00421426]]
295.2475, -2.5824, 61.9634, [[0.004800099210959611, 0.00036490070396429997, -0.999988413], [0.0758007, -0.997122988, 0.0], [-0.997111434335938, -0.07579982169728909, -0.004813949]]
298.2878, 4.5504, 61.4969, [[0.001300046316961196, -0.000218299628279222, -0.999999131], [-0.165598426, -0.986193268, 0.0], [-0.9861924109980501, 0.1655982820949678, -0.001318247]]
298.3842, 4.774, 61.4563, [[0.0034999405047279808, -0.0005961020692822679, -0.999993698], [-0.167899948, -0.985804041, 0.0], [-0.9857978284629336, 0.1678988898945277, -0.003550341]]
301.4617, 11.6582, 59.2284, [[0.0048998981300767686, -0.0021607458492634564, -0.999985661], [-0.403487967, -0.914984951, 0.0], [-0.9149718310307876, 0.4034821813860412, -0.005355168]]
301.5131, 11.7685, 59.1785, [[0.003399967750349888, -0.0015270254667693179, -0.999993054], [-0.409704129, -0.912218464, 0.0], [-0.912212127730549, 0.40970128319511995, -0.003727142]]
302.7202, 14.2836, 57.850899999999996, [[-0.003699827976719035, 0.002197592833463188, -0.999990741], [-0.510679628, -0.859771085, 0.0], [-0.859763124379524, 0.5106748996173244, 0.004303271]]
302.8121, 14.4691, 57.739599999999996, [[-0.003999816543343764, 0.002413773930708686, -0.999989088], [-0.516679331, -0.856178994, 0.0], [-0.8561696513748174, 0.5166736929951401, 0.004671706]]
305.8514, 20.1177, 53.3626, [[-0.00410003741968839, 0.00406759950451478, -0.999983322], [-0.70429294, -0.70990947, 0.0], [-0.7098976301298594, 0.7042811938023467, 0.005775437]]
305.895, 20.9569, 54.1054, [[-0.005699908376659224, 0.005677182275702771, -0.99996764], [-0.705692905, -0.708517836, 0.0], [-0.708494908362827, 0.7056700687775943, 0.008044834]]
307.151, 23.0357, 51.8468, [[0.010800250670002086, -0.012606509462946341, -0.999862206], [-0.759415197, -0.650606301, 0.0], [-0.6505166513553601, 0.7593105541423446, -0.016600286]]
310.8492, 22.0659, 53.0184, [[0.011800129153641998, -0.0132306300949887, -0.999842841], [-0.746299989, -0.66560974, 0.0], [-0.6655051334388713, 0.7461827012400288, -0.0177283]]
307.826, 16.4788, 57.8476, [[0.011800472580790373, -0.007705083846094413, -0.999900685], [-0.546721886, -0.837314266, 0.0], [-0.8372311081336722, 0.5466675883158919, -0.014093242]]
305.2146, 10.7923, 60.8448, [[-0.00690032688517809, 0.0028900684584417104, -0.999972016], [-0.386315461, -0.922366719, 0.0], [-0.9223409074897355, 0.3863046503481394, 0.00748111]]
303.3273, 6.4073, 62.2803, [[0.006699757751868117, -0.001574592227265195, -0.999976317], [-0.228788565, -0.973476139, 0.0], [-0.9734530841646001, 0.2287831466004151, -0.006882303]]
300.2805, -0.9305, 63.180099999999996, [[0.03539838591793055, 0.001431207829919159, -0.999372256], [0.040398437, -0.99918365, 0.0], [-0.9985564184588144, -0.040373077123563875, -0.035427307]]
298.3941, -5.5306, 62.8181, [[0.012400573942256557, 0.002156176287709821, -0.999920785], [0.171306837, -0.985217726, 0.0], [-0.985139681977835, -0.17129326692890703, -0.012586633]]
295.7835, -11.7523, 61.2184, [[0.005299820175135416, 0.001971076009888608, -0.999984013], [0.348586116, -0.937276757, 0.0], [-0.9372617727564858, -0.34858054315376347, -0.005654488]]
293.9927, -15.7127, 59.4651, [[0.010199943612607974, 0.005658348249556596, -0.99993197], [0.485099934, -0.874458721, 0.0], [-0.8743992315732104, -0.48506693265149, -0.011664294]]
290.8492, -21.9731, 55.0206, [[-0.010300299275951025, -0.008625395301553374, -0.999909749], [0.642019314, -0.766688464, 0.0], [-0.7666192695994355, -0.6419613711148922, 0.013434791]]
287.151, -20.8015, 55.9904, [[0.012400064490618099, 0.010620375808867596, -0.999866714], [0.650499995, -0.759506258, 0.0], [-0.7594050264488963, -0.6504132924576664, -0.016326481]]
289.5449, -15.9784, 59.2959, [[-0.0035999744223681783, -0.002021908743546786, -0.999991476], [0.489695049, -0.871893777, 0.0], [-0.8718863449774449, -0.4896908748394023, 0.004128914]]
291.4323, -11.7866, 61.2255, [[-0.009199994511979063, -0.003331684610423415, -0.999952129], [0.340500005, -0.940244514, 0.0], [-0.9401995035548703, -0.3404837049242606, 0.009784683]]
293.3186, -7.3462, 62.4717, [[-0.007000236937165677, -0.001404441488370304, -0.999974512], [0.196707872, -0.980462143, 0.0], [-0.9804371529808992, -0.19670285830975848, 0.007139732]]
295.833, -1.2453, 63.1907, [[-0.012700205311734375, 3.1750701401715e-05, -0.999919349], [-0.002500007, -0.999996875, 0.0], [-0.9999162242520344, 0.002499805371935443, 0.012700245]]
298.977, 6.3866, 62.313199999999995, [[-0.00959994512997191, 0.0023744020170634113, -0.9999511], [-0.240099957, -0.97074817, 0.0], [-0.970700700414487, 0.2400882161121027, 0.009889223]]
300.8633, 10.7656, 60.8568, [[-0.007500124732368966, 0.0031049818807720423, -0.999967053], [-0.382507666, -0.923952318, 0.0], [-0.9239218765429789, 0.38249506351992835, 0.008117437]]
303.3783, 16.206, 58.0042, [[-0.0055998720326869205, 0.003677092411937778, -0.99997756], [-0.548883499, -0.83589886, 0.0], [-0.8358801024295817, 0.5488711820542824, 0.006699222]]
305.895, 20.9569, 54.1054, [[-0.005699908376659224, 0.005677182275702771, -0.99996764], [-0.705692905, -0.708517836, 0.0], [-0.708494908362827, 0.7056700687775943, 0.008044834]]
305.8866, 21.75, 54.9775, [[-0.007599823738296011, 0.007558699471682763, -0.999942553], [-0.705185843, -0.709022515, 0.0], [-0.7089817837835808, 0.7051453321888772, 0.010718734]]
307.1427, 23.9121, 52.6375, [[0.010099905673611336, -0.011733691778662054, -0.999880149], [-0.757899947, -0.652370807, 0.0], [-0.6522926197064103, 0.757809111933452, -0.015481848]]
310.8576, 22.9751, 53.7797, [[0.01320070186583043, -0.014687330175614549, -0.999804993], [-0.74374457, -0.668463922, 0.0], [-0.6683335668559626, 0.7435995346026381, -0.019747815]]
307.8343, 17.1816, 58.799099999999996, [[0.01039974849279318, -0.0068575191020312995, -0.999922407], [-0.550489045, -0.834842387, 0.0], [-0.8347776090746656, 0.5504463309035312, -0.01245714]]
305.1232, 11.0249, 62.031400000000005, [[0.001400049285897941, -0.000563006387561058, -0.999998861], [-0.373096278, -0.927792631, 0.0], [-0.9277915742441933, 0.37309585304333936, -0.001509011]]
303.2372, 6.4614, 63.47, [[0.007200263271881138, -0.0016254451541287442, -0.999972757], [-0.220206636, -0.975453247, 0.0], [-0.975426672727192, 0.22020063691061545, -0.007381454]]
300.2888, -0.8792, 64.35669999999999, [[0.026600008683320766, 0.000795696391866698, -0.99964584], [0.029900014, -0.999552895, 0.0], [-0.9991988933467068, -0.02988942461104176, -0.026611907]]
298.4025, -5.6554, 64.0065, [[0.01170012143735448, 0.001980530113061636, -0.99992959], [0.166900049, -0.98597382, 0.0], [-0.9859043975833338, -0.16688829756754991, -0.011866564]]
295.6931, -12.3745, 62.239599999999996, [[0.0066001667775373194, 0.00254040743783902, -0.999974992], [0.359210858, -0.933256428, 0.0], [-0.9332330891232485, -0.35920187485486316, -0.00707219]]
294.001, -16.2271, 60.529399999999995, [[0.009099985889500855, 0.00499669300043596, -0.99994611], [0.481304872, -0.876553261, 0.0], [-0.8765060235447647, -0.4812789344804479, -0.010381555]]
290.8576, -22.7344, 55.9298, [[-0.006200028914029065, -0.0051847201924454245, -0.999967339], [0.641499975, -0.767123055, 0.0], [-0.7670979999939006, -0.6414790229693166, 0.008082183]]
287.1427, -21.5922, 56.8668, [[0.009000103667297327, 0.007632850921427376, -0.999930366], [0.646800029, -0.762659637, 0.0], [-0.762606529958837, -0.6467549897267806, -0.011800944]]
289.5367, -16.589, 60.3012, [[-0.00399991592923713, -0.0022670606159030547, -0.999989431], [0.493085271, -0.869980986, 0.0], [-0.8699717911709589, -0.4930800595817708, 0.004597705]]
291.424, -12.2448, 62.3161, [[-0.008100255423088489, -0.0030128361793228596, -0.999962654], [0.34861049, -0.937267692, 0.0], [-0.9372326888007746, -0.3485974707926404, 0.008642414]]
293.3103, -7.6378, 63.6154, [[-0.0078003254484852805, -0.001605576985310592, -0.999968288], [0.201608064, -0.979466277, 0.0], [-0.9794352161654238, -0.20160167060507445, 0.007963853]]
295.8246, -1.3071, 64.3757, [[-0.01070014682927909, -7.490402934458099e-05, -0.999942749], [0.007000109, -0.999975499, 0.0], [-0.9999182494027068, -0.006999708236759641, 0.010700409]]
298.9686, 6.6158, 63.4751, [[-0.0077999775560562805, 0.0018493212079445812, -0.99996787], [-0.230697671, -0.97302548, 0.0], [-0.9729942166913276, 0.23069025868383075, 0.008016211]]
300.855, 11.1628, 61.969300000000004, [[-0.007500068417043537, 0.0030499489983262158, -0.999967223], [-0.376699964, -0.926335327, 0.0], [-0.9263049645069868, 0.37668761690527996, 0.008096494]]
303.37, 16.8112, 59.0128, [[-0.005599984870372223, 0.003634455336696582, -0.999977715], [-0.544405398, -0.838822247, 0.0], [-0.8388035538462255, 0.5443932659257056, 0.006676009]]
305.8866, 21.75, 54.9775, [[-0.007599823738296011, 0.007558699471682763, -0.999942553], [-0.705185843, -0.709022515, 0.0], [-0.7089817837835808, 0.7051453321888772, 0.010718734]]
305.8783, 22.5431, 55.8497, [[-0.009300294974748267, 0.009240461637881607, -0.999914055], [-0.704821189, -0.709385009, 0.0], [-0.7093240409054015, 0.7047606131429114, 0.013110363]]
307.1344, 24.7885, 53.428200000000004, [[0.00970016302085949, -0.011241923326341077, -0.999889757], [-0.757115131, -0.65328147, 0.0], [-0.6532094502909028, 0.7570316643566133, -0.014848367]]
310.8659, 23.8842, 54.541, [[0.014500264678387125, -0.016011208210129226, -0.999766665], [-0.741214789, -0.671267932, 0.0], [-0.6711113016970868, 0.7410418376472088, -0.021601307]]
307.8426, 17.8843, 59.750699999999995, [[0.009100057285764058, -0.006052498799690286, -0.999940276], [-0.553799979, -0.832649737, 0.0], [-0.8326000078271074, 0.5537669038500542, -0.010929034]]
305.0318, 11.2575, 63.218, [[0.003000148215043, -0.0011721568510709999, -0.999994813], [-0.363910851, -0.931433783, 0.0], [-0.9314289516529677, 0.36390896339441586, -0.003221]]
302.8119, 5.7394, 64.81049999999999, [[0.007800215990739528, -0.0014848796492765162, -0.999968475], [-0.187005673, -0.982358834, 0.0], [-0.9823278651377582, 0.1869997776461587, -0.007940292]]
300.2971, -0.8279, 65.5333, [[0.019699333655861857, 0.00042953483970968, -0.999805857], [0.021799355, -0.999762366, 0.0], [-0.9995682691349776, -0.021795122807822236, -0.019704016]]
298.4109, -5.7801, 65.19489999999999, [[0.01109953669158415, 0.001833673271874355, -0.999936717], [0.162993455, -0.98662715, 0.0], [-0.9865647132740666, -0.16298314028518723, -0.011249981]]
295.6027, -12.9967, 63.2608, [[0.007599898245113617, 0.0030125636644313864, -0.999966582], [0.368500031, -0.929627736, 0.0], [-0.9295966697003184, -0.36848771646596407, -0.008175206]]
292.7508, -19.57, 59.8685, [[0.0035998324009409543, 0.002382896653663358, -0.999990681], [0.551972351, -0.833862413, 0.0], [-0.8338546422361732, -0.551967207169661, -0.004317058]]
290.8659, -23.4956, 56.838899999999995, [[-0.004099858857260615, -0.00342557345045946, -0.999985728], [0.64118073, -0.767389908, 0.0], [-0.7673789558112329, -0.6411715790686214, 0.005342602]]
287.1344, -22.3829, 57.7431, [[0.007599613177546405, 0.006424047012498301, -0.999950488], [0.64556766, -0.763703081, 0.0], [-0.7636652685330535, -0.645535696654018, -0.009951005]]
289.5284, -17.1997, 61.3065, [[-0.004299860146032573, -0.002456676565373417, -0.999987738], [0.496080121, -0.868276749, 0.0], [-0.8682661021905037, -0.4960740380655563, 0.004952177]]
291.4156, -12.7031, 63.4066, [[-0.007099858450403398, -0.002702046562752449, -0.999971145], [0.355689367, -0.934604234, 0.0], [-0.9345772659948279, -0.35567910358331517, 0.007596647]]
293.302, -7.9294, 64.75909999999999, [[-0.008499615462919385, -0.001787408580962016, -0.99996228], [0.205791728, -0.978595813, 0.0], [-0.9785589003659336, -0.20578396553601985, 0.008685522]]
295.8163, -1.3689, 65.5607, [[-0.008900369000828339, -0.00013619630604783, -0.999960382], [0.01530053, -0.99988294, 0.0], [-0.9998433266376832, -0.01529992382360246, 0.008901411]]
298.9603, 6.8451, 64.6371, [[-0.006300047916581215, 0.001437817242196216, -0.999979121], [-0.222502168, -0.974932195, 0.0], [-0.9749118393907005, 0.22249752237723433, 0.006462037]]
300.8467, 11.56, 63.081900000000005, [[-0.007499751031735248, 0.0030017576338318467, -0.999967371], [-0.371588863, -0.928397392, 0.0], [-0.9283670993214965, 0.3715767384269892, 0.008078169]]
303.3618, 17.4164, 60.0213, [[-0.005499939321503604, 0.003532321783265086, -0.999978636], [-0.540394526, -0.841411764, 0.0], [-0.8413937880790738, 0.5403829810113466, 0.006536561]]
305.8783, 22.5431, 55.8497, [[-0.009300294974748267, 0.009240461637881607, -0.999914055], [-0.704821189, -0.709385009, 0.0], [-0.7093240409054015, 0.7047606131429114, 0.013110363]]
305.87, 23.3362, 56.7218, [[-0.01080018235699286, 0.010718180816352094, -0.999884232], [-0.704407045, -0.709796249, 0.0], [-0.7097140773078457, 0.7043254972052144, 0.015215891]]
307.1261, 25.6648, 54.218900000000005, [[0.008300202836338146, -0.009691818881481233, -0.999918584], [-0.759530327, -0.650471893, 0.0], [-0.6504189341803595, 0.759468489078897, -0.012760279]]
310.8743, 24.7933, 55.3022, [[0.019499769112154102, -0.02105597735363304, -0.999588118], [-0.73369998, -0.679473575, 0.0], [-0.6791937120649819, 0.7333977821848376, -0.028698348]]
307.8509, 18.5871, 60.702200000000005, [[0.007999888695627403, -0.005360944033379844, -0.99995363], [-0.556688886, -0.830721063, 0.0], [-0.8306825424643087, 0.5566630723363561, -0.009630054]]
304.9404, 11.4901, 64.4046, [[0.004400220313518733, -0.001675316937436466, -0.999988916], [-0.355817738, -0.934555369, 0.0], [-0.93454501038829, 0.35581379411619196, -0.004708357]]
302.8202, 6.0211, 65.956, [[0.008100099000852578, -0.0015650225626623049, -0.999965969], [-0.189701935, -0.981841726, 0.0], [-0.9818083129442224, 0.18969547925345, -0.008249903]]
300.3054, -0.7766, 66.7098, [[0.001100086492645985, -1.9255473634345002e-05, -0.999999395], [-0.017500919, -0.999846847, 0.0], [-0.9998462420926576, 0.017500908411944006, -0.001100255]]
298.4193, -5.9048, 66.3834, [[0.010500353242633124, 0.0016965957786442998, -0.99994343], [0.15950645, -0.987196886, 0.0], [-0.987141040272159, -0.1594974267201235, -0.010636534]]
295.5122, -13.6189, 64.282, [[0.008600243578583544, 0.003496383441985311, -0.999956905], [0.376611363, -0.926371352, 0.0], [-0.9263314300265856, -0.3765951329333115, -0.009283797]]
292.7591, -20.1845, 60.873000000000005, [[0.0034999991343571844, 0.002307305388856932, -0.999991213], [0.550394478, -0.834904736, 0.0], [-0.8348973996920849, -0.5503896416837218, -0.004192094]]
290.8743, -24.2569, 57.748000000000005, [[0.001200040003046205, 0.00100515381430494, -0.999998775], [0.642112844, -0.766610133, 0.0], [-0.7666091939025871, -0.6421120574117661, -0.001565385]]
287.1261, -23.1736, 58.6195, [[0.004500350054106848, 0.0037748141248815517, -0.999982749], [0.642644941, -0.766164134, 0.0], [-0.7661509169025243, -0.6426338547321228, -0.005873872]]
289.5202, -17.8104, 62.311800000000005, [[-0.004599865419785324, -0.002646433160425575, -0.999985919], [0.498685025, -0.866783275, 0.0], [-0.8667710698247046, -0.498678003016163, 0.005306823]]
291.4073, -13.1613, 64.49719999999999, [[-0.006199897773384918, -0.002406889688378823, -0.999977884], [0.361900041, -0.932216906, 0.0], [-0.9321962890909068, -0.36189203721869323, 0.006650703]]
293.2937, -8.221, 65.9028, [[-0.009099632925915225, -0.001949576314281176, -0.999956697], [0.209493641, -0.977810009, 0.0], [-0.9777676668931803, -0.2094845692968638, 0.009306136]]
295.808, -1.4307, 66.7457, [[-0.007300162350885727, -0.00016575946565847998, -0.99997334], [0.02270042, -0.999742312, 0.0], [-0.999715658869962, -0.0226998148068028, 0.007302044]]
298.952, 7.0743, 65.799, [[-0.00490011610962032, 0.001080365206131107, -0.999987411], [-0.215306507, -0.976546521, 0.0], [-0.976534227255847, 0.21530379650638337, 0.005017801]]
300.8384, 11.9572, 64.1944, [[-0.007499610172827927, 0.002959581841688934, -0.999967498], [-0.367081694, -0.930188707, 0.0], [-0.9301584740066451, 0.3670697631107816, 0.008062461]]
303.3535, 18.0216, 61.0299, [[-0.00540009202870802, 0.003436739702967947, -0.999979514], [-0.536910797, -0.84363902, 0.0], [-0.8436217372110363, 0.5368997978454126, 0.006400951]]
305.87, 23.3362, 56.7218, [[-0.01080018235699286, 0.010718180816352094, -0.999884232], [-0.704407045, -0.709796249, 0.0], [-0.7097140773078457, 0.7043254972052144, 0.015215891]]
305.8617, 24.1293, 57.594, [[-0.012099903033767602, 0.011997650606580909, -0.999854814], [-0.704099997, -0.710100833, 0.0], [-0.70999773630046, 0.7039977715378356, 0.017039697]]
307.1178, 26.5412, 55.0096, [[0.008499652844313317, -0.009728812688305768, -0.99991655], [-0.753077404, -0.657931929, 0.0], [-0.6578770245805249, 0.7530145596906362, -0.012918742]]
310.8826, 25.7025, 56.063500000000005, [[0.017100376943266236, -0.018608934372132162, -0.999680591], [-0.736322098, -0.676631191, 0.0], [-0.6764150689079139, 0.7360869100949999, -0.025272818]]
307.8592, 19.2899, 61.6537, [[0.007099607893637358, -0.004789732223119074, -0.999963326], [-0.559272049, -0.828984183, 0.0], [-0.8289537808340727, 0.559251538256875, -0.008564226]]
304.849, 11.7227, 65.5912, [[0.0055998312177300315, -0.002082654242586816, -0.999982152], [-0.348586116, -0.937276757, 0.0], [-0.937260028484441, 0.3485798944350016, -0.005974576]]
302.8285, 6.3028, 67.1015, [[0.00840009270283688, -0.001645205519099456, -0.999963365], [-0.192203912, -0.98135501, 0.0], [-0.9813190580592087, 0.1921968706096839, -0.008559688]]
300.3137, -0.7253, 67.88640000000001, [[0.002799938404704056, -2.2399190789668e-05, -0.99999608], [-0.007999631, -0.999968002, 0.0], [-0.9999640821254321, 0.00799959964144648, -0.002800028]]
298.4277, -6.0295, 67.5718, [[0.010000237839313357, 0.0015846102671527502, -0.999948741], [0.156504625, -0.987677226, 0.0], [-0.9876265986530725, -0.15649660272942714, -0.010125006]]
295.4218, -14.2411, 65.3032, [[0.009399763890728661, 0.003906691845259047, -0.99994819], [0.383788509, -0.92342102, 0.0], [-0.9233731775569538, -0.3837686249173487, -0.010179283]]
292.7674, -20.7989, 61.8775, [[0.0034001124035895284, 0.002233355305222918, -0.999991726], [0.549005459, -0.835818764, 0.0], [-0.8358118484355467, -0.5490009165288322, -0.004068002]]
290.8826, -25.0182, 58.6571, [[0.00039993251841302, 0.00033142228175851, -0.999999865], [0.638074511, -0.769974622, 0.0], [-0.7699745180534261, -0.638074424859941, -0.00051941]]
287.1178, -23.9643, 59.4959, [[0.00489983291813388, 0.004114644893161411, -0.99997953], [0.643080767, -0.76579836, 0.0], [-0.7657826841075708, -0.6430676031366995, -0.006398333]]
289.5119, -18.421, 63.317099999999996, [[-0.004900106163577576, -0.0028367433805013523, -0.999983971], [0.501015081, -0.865438553, 0.0], [-0.865424680885434, -0.5010070502292667, 0.005661992]]
291.399, -13.6196, 65.5877, [[-0.0055002088017997155, -0.0021728310745136718, -0.999982513], [0.367414648, -0.930057244, 0.0], [-0.9300409800889742, -0.36740822302005044, 0.005913839]]
293.2854, -8.5126, 67.04650000000001, [[-0.009599680686476774, -0.0020896027986684, -0.999951739], [0.212693584, -0.977118949, 0.0], [-0.9770717922624023, -0.21268331919494257, 0.009824475]]
295.7996, -1.4925, 67.9307, [[-0.005999784237025062, -0.00017466113206000798, -0.999981986], [0.029098908, -0.999576537, 0.0], [-0.9995585306282625, -0.029098383812271287, 0.006002326]]
298.9436, 7.3036, 66.96090000000001, [[-0.003700035307384944, 0.000790399919931072, -0.999992842], [-0.208906192, -0.977935684, 0.0], [-0.977928683936374, 0.20890469664947767, 0.003783516]]
300.8301, 12.3545, 65.3069, [[-0.00750014295296445, 0.002922849043078536, -0.999967602], [-0.363107316, -0.931747325, 0.0], [-0.9317171382501647, 0.36309555204917626, 0.008049546]]
303.3452, 18.6268, 62.038399999999996, [[-0.005400042513964954, 0.0034087821984575446, -0.99997961], [-0.533794732, -0.845614087, 0.0], [-0.8455968449287661, 0.5337838479254146, 0.006385942]]
305.8617, 24.1293, 57.594, [[-0.012099903033767602, 0.011997650606580909, -0.999854814], [-0.704099997, -0.710100833, 0.0], [-0.70999773630046, 0.7039977715378356, 0.017039697]]
305.8534, 24.9225, 58.4661, [[-0.013200696348734029, 0.013079385396217861, -0.999827321], [-0.703835221, -0.710363274, 0.0], [-0.7102406091802089, 0.7037136834378729, 0.018583022]]
307.1095, 27.4176, 55.8003, [[0.008399439710871846, -0.009643003822649399, -0.999918228], [-0.7540547, -0.656811623, 0.0], [-0.656757914199964, 0.7539930394390716, -0.012788202]]
310.891, 26.6116, 56.824799999999996, [[0.01840001105678805, -0.019880621282770974, -0.999633033], [-0.733907361, -0.679249575, 0.0], [-0.679000312821211, 0.7336380412174559, -0.027088734]]
307.8675, 19.9926, 62.605199999999996, [[0.006199929135323552, -0.0042081118793432645, -0.999971926], [-0.561594357, -0.827412701, 0.0], [-0.827389472215832, 0.5615785908000216, -0.007493152]]
304.7575, 11.9553, 66.7778, [[0.00719994686008975, -0.0026151570263096, -0.99997066], [-0.341396512, -0.93991937, 0.0], [-0.9398917927656842, 0.3413864954263379, -0.007660175]]
301.6129, 3.0634, 68.8923, [[0.007600190546992065, -0.000726861929505646, -0.999970854], [-0.095202934, -0.995457885, 0.0], [-0.9954288713844838, 0.09520015921528563, -0.007634869]]
300.3219, -0.6739, 69.0629, [[0.0043999588000195, 4.400282197153e-06, -0.99999032], [0.001000073, -0.9999995, 0.0], [-0.99998982000484, -0.00100006331929336, -0.004399961]]
298.4361, -6.1542, 68.7602, [[0.009499619852392087, 0.0014785737278563082, -0.999953784], [0.153793846, -0.988102957, 0.0], [-0.9880572908337393, -0.15378673826361328, -0.009613998]]
295.9208, -13.2397, 66.93950000000001, [[0.0006000121438899839, 0.00020067869850200998, -0.9999998], [0.317187305, -0.948362912, 0.0], [-0.9483627223274176, -0.31718724156253897, -0.000632682]]
294.0343, -18.2848, 64.7868, [[0.005899609338837084, 0.0031429230672045958, -0.999977658], [0.470176436, -0.882572444, 0.0], [-0.8825527255664563, -0.4701659313180669, -0.006684561]]
290.891, -25.7795, 59.5663, [[0.0016999287903276482, 0.00141402014376894, -0.999997555], [0.639493615, -0.768796408, 0.0], [-0.7687945282927825, -0.6394920514381113, -0.002211156]]
287.1095, -24.755, 60.372299999999996, [[0.003599925760309784, 0.003013495602012912, -0.99998898], [0.641887098, -0.766799161, 0.0], [-0.7667907108732458, -0.64188002440418, -0.004694744]]
289.5037, -19.0317, 64.3224, [[-0.005200031422640052, -0.00302717586186972, -0.999981898], [0.50310502, -0.864225282, 0.0], [-0.8642096377939453, -0.503095912792928, 0.006016986]]
291.3906, -14.0778, 66.67830000000001, [[-0.004799953616775601, -0.00192543732307841, -0.999986626], [0.37229993, -0.928112473, 0.0], [-0.9281000604237861, -0.37229495086073616, 0.005171737]]
293.2771, -8.8042, 68.1902, [[-0.010100014750889999, -0.002231116395455211, -0.999946504], [0.215702079, -0.976459222, 0.0], [-0.9764069853374598, -0.2156905398015818, 0.010343509]]
295.7913, -1.5544, 69.1157, [[-0.004699907226489076, -0.00016412355432058402, -0.999988942], [0.034899322, -0.999390833, 0.0], [-0.9993797817361687, -0.034898936083297326, 0.004702772]]
298.9353, 7.5328, 68.1228, [[-0.0026001102633410947, 0.0005396170298720349, -0.999996474], [-0.203206169, -0.979135973, 0.0], [-0.9791325205665592, 0.2032054524950481, 0.002655515]]
300.8218, 12.7517, 66.4194, [[-0.00750014638207488, 0.002889511156839168, -0.999967699], [-0.359503542, -0.93314372, 0.0], [-0.9331135785247003, 0.3594919296760899, 0.008037504]]
303.3369, 19.2321, 63.047, [[-0.005299840614388375, 0.0033209254521958027, -0.999980441], [-0.530978766, -0.847385125, 0.0], [-0.8473685509943402, 0.5309683805863159, 0.006254347]]
305.8534, 24.9225, 58.4661, [[-0.013200696348734029, 0.013079385396217861, -0.999827321], [-0.703835221, -0.710363274, 0.0], [-0.7102406091802089, 0.7037136834378729, 0.018583022]]
305.8471, 25.7182, 59.3357, [[-0.013199762663376661, 0.013080327685514417, -0.999827321], [-0.703885928, -0.71031303, 0.0], [-0.7101903738562927, 0.703764381681839, 0.018583022]]
307.1032, 28.2963, 56.588, [[0.00800026980961052, -0.00917579105586312, -0.999925898], [-0.753737646, -0.657175441, 0.0], [-0.657126742985471, 0.7536817925329561, -0.01217372]]
310.897, 27.5143, 57.5861, [[0.018400665983152643, -0.01984743365562163, -0.99963368], [-0.733329276, -0.679873645, 0.0], [-0.6796245936863636, 0.7330606428196156, -0.027064832]]
307.8736, 20.6903, 63.5567, [[0.005599844624114937, -0.003809665186003781, -0.999977064], [-0.562488797, -0.826804906, 0.0], [-0.826785942402676, 0.562475895756952, -0.006772873]]
304.7294, 12.3253, 67.9025, [[0.006599889803641216, -0.002388468843705632, -0.999975368], [-0.340296673, -0.940318124, 0.0], [-0.9402949620839697, 0.3402882908123506, -0.007018784]]
301.5859, 3.1498, 70.0736, [[0.007500224717999552, -0.0007013376212053439, -0.999971627], [-0.093102726, -0.995656508, 0.0], [-0.9956282582378986, 0.0931000843963552, -0.007532944]]
300.3281, -0.6265, 70.2397, [[0.004599957233094769, 1.2420026399454e-05, -0.99998942], [0.002700021, -0.999996355, 0.0], [-0.9999857750385641, -0.00269999243377782, -0.004599974]]
298.4421, -6.282, 69.9374, [[0.00879971817419614, 0.001357783501625286, -0.99996036], [0.152493909, -0.98830441, 0.0], [-0.9882652336131876, -0.15248786414144724, -0.008903854]]
295.8667, -13.7971, 67.9992, [[-0.001200011221035605, -0.00040139331348622, -0.999999199], [0.31721594, -0.948353335, 0.0], [-0.9483525753689787, -0.317215685910032, 0.001265363]]
294.0404, -18.8017, 65.8471, [[0.005400372237902343, 0.002869556357510219, -0.999981301], [0.469232839, -0.883074483, 0.0], [-0.8830579703902425, -0.46922406481514356, -0.006115421]]
290.897, -26.5408, 60.469, [[0.001700017995583565, 0.0014114548119650652, -0.999997559], [0.638787289, -0.769383389, 0.0], [-0.7693815109351475, -0.6387857297202276, -0.002209585]]
287.1032, -25.5427, 61.251000000000005, [[0.002700099279348438, 0.002257972950746796, -0.999993805], [0.641506402, -0.767117681, 0.0], [-0.7671129287059663, -0.6415024278678396, -0.003519798]]
289.4975, -19.6396, 65.33019999999999, [[-0.004999881736569456, -0.0029151537583826342, -0.999983251], [0.503684871, -0.863887464, 0.0], [-0.8638729947488655, -0.5036764347820957, 0.005787654]]
291.3846, -14.5322, 67.7701, [[-0.004199937546056695, -0.0016941773966499948, -0.999989745], [0.374092583, -0.927391363, 0.0], [-0.9273818526015725, -0.3740887466805613, 0.004528765]]
293.2709, -9.0921, 69.33449999999999, [[-0.00970058929660393, -0.00215967591365584, -0.999950616], [0.217312976, -0.976101977, 0.0], [-0.9760537731799679, -0.2173022442159932, 0.00993809]]
295.7853, -1.6113, 70.287, [[-0.004300147014404326, -0.000154482325165014, -0.999990742], [0.035901734, -0.999355325, 0.0], [-0.9993460729684012, -0.035901401621746626, 0.004302921]]
298.9293, 7.7661, 69.2835, [[-0.0024000303761263463, 0.000497065208094372, -0.999996996], [-0.202804044, -0.979219342, 0.0], [-0.9792164004250967, 0.20280343477665183, 0.002450963]]
300.8156, 13.1524, 67.5303, [[-0.007100257786500116, 0.0027215446928340148, -0.999971089], [-0.357910695, -0.933755821, 0.0], [-0.9337288251854591, 0.35790034744389687, 0.007603977]]
303.3307, 19.8409, 64.0543, [[-0.005000009586789945, 0.003125921911689785, -0.999982614], [-0.530110631, -0.847928487, 0.0], [-0.847913744915325, 0.5301014144965694, 0.005896735]]
305.8471, 25.7182, 59.3357, [[-0.013199762663376661, 0.013080327685514417, -0.999827321], [-0.703885928, -0.71031303, 0.0], [-0.7101903738562927, 0.703764381681839, 0.018583022]]
305.8423, 26.5157, 60.2034, [[-0.012400030176459003, 0.012294996828681008, -0.999847525], [-0.704092933, -0.710107838, 0.0], [-0.709999564307401, 0.7039855764300408, 0.017462179]]
307.0984, 29.1766, 57.3738, [[0.007299647721992997, -0.008342279772411906, -0.999938559], [-0.752569858, -0.658512421, 0.0], [-0.6584719613383413, 0.7525236193553546, -0.011085057]]
310.9018, 28.4137, 58.3474, [[0.017799216174632693, -0.01922330276500337, -0.999656767], [-0.733763305, -0.679405191, 0.0], [-0.6791719967180774, 0.7335114532195349, -0.026198234]]
307.8784, 21.3852, 64.5081, [[0.004999783134653175, -0.0034031035414932493, -0.99998171], [-0.562677533, -0.826676475, 0.0], [-0.8266613550872722, 0.5626672416279215, -0.006048053]]
305.9913, 16.3141, 67.3986, [[0.006700183545966461, -0.003181240304083468, -0.999972493], [-0.428908646, -0.90334787, 0.0], [-0.90332302161014, 0.4288968480098745, -0.007417058]]
303.4767, 9.0384, 70.12039999999999, [[0.0030001195345641662, -0.0007951876319719461, -0.999995183], [-0.256205189, -0.966622419, 0.0], [-0.9666177627798077, 0.25620395485960457, -0.003103714]]
301.5907, 3.3109, 71.24119999999999, [[0.006800138142456203, -0.000644818875329356, -0.999976671], [-0.094400918, -0.995534262, 0.0], [-0.9955110371812017, 0.09439871572098398, -0.006830642]]
300.3329, -0.5814, 71.41669999999999, [[0.004099940815502656, 1.230072498702e-06, -0.999991595], [0.000300022, -0.999999955, 0.0], [-0.9999915500003783, -0.00030001947831509, -0.004099941]]
298.4469, -6.4113, 71.1092, [[0.008000032073231725, 0.0012278024609407021, -0.999967245], [0.151698501, -0.988426813, 0.0], [-0.9883944370797402, -0.15169353211559977, -0.008093702]]
295.7712, -14.4916, 69.0161, [[0.0019001076732042498, 0.0006774130170185, -0.999997965], [0.335810146, -0.941929693, 0.0], [-0.9419277761730748, -0.33580946262635286, -0.00201725]]
293.8841, -19.8098, 66.6132, [[0.005400027605561985, 0.0029642108848727763, -0.999981026], [0.481195176, -0.876613485, 0.0], [-0.8765968521357357, -0.4811860458027306, -0.006160101]]
290.9018, -27.3021, 61.3684, [[0.000999909394667586, 0.000825996900443058, -0.999999159], [0.636874477, -0.770967509, 0.0], [-0.7709668606163249, -0.6368739413885649, -0.001296954]]
287.0984, -26.3284, 62.131299999999996, [[0.002000027794294953, 0.001673034416430978, -0.9999966], [0.641619262, -0.767023287, 0.0], [-0.7670206791208242, -0.6416170804945092, -0.002607519]]
289.4927, -20.2456, 66.3399, [[-0.004500113698845908, -0.0026219190207416787, -0.999986437], [0.503420083, -0.864041793, 0.0], [-0.8640300740011615, -0.5034132551134143, 0.005208213]]
291.3797, -14.9845, 68.8625, [[-0.0036998085520966455, -0.0014937914665344022, -0.99999204], [0.374385046, -0.927273335, 0.0], [-0.9272659539042534, -0.3743820658950338, 0.003989987]]
293.266, -9.3775, 70.4793, [[-0.008700141283483653, -0.0019471562361571772, -0.999960257], [0.218404349, -0.975858361, 0.0], [-0.9758195774611588, -0.2183956689559577, 0.008915373]]
295.7806, -1.6658, 71.4517, [[-0.004200035160121442, -0.000145827371781298, -0.999991169], [0.034699603, -0.999397787, 0.0], [-0.999388961318143, -0.03469929656780591, 0.004202566]]
298.9245, 8.0013, 70.4436, [[-0.002600029418720552, 0.000544283227833016, -0.999996472], [-0.204895982, -0.978783754, 0.0], [-0.9787803008509158, 0.2048952591269755, 0.002656388]]
300.8108, 13.5554, 68.6402, [[-0.006399827336628418, 0.0024481845908875632, -0.999976524], [-0.357289207, -0.933993802, 0.0], [-0.9339718755615043, 0.35728081927857647, 0.006852109]]
303.3259, 20.4521, 65.0607, [[-0.004599944271355764, 0.002877237292981188, -0.999985281], [-0.530300046, -0.847810038, 0.0], [-0.8477975590840506, 0.5302922405136229, 0.005425678]]
305.8423, 26.5157, 60.2034, [[-0.012400030176459003, 0.012294996828681008, -0.999847525], [-0.704092933, -0.710107838, 0.0], [-0.709999564307401, 0.7039855764300408, 0.017462179]]
305.8374, 27.3133, 61.0711, [[-0.011599994256494791, 0.01151192005839195, -0.999866449], [-0.704407045, -0.709796249, 0.0], [-0.7097014550011499, 0.7043129707347332, 0.01634271]]
307.0936, 30.0568, 58.1595, [[0.006699670678564619, -0.00762819071033684, -0.999948461], [-0.751354898, -0.659898339, 0.0], [-0.6598643284995063, 0.751316173919912, -0.01015258]]
310.9066, 29.3131, 59.1088, [[0.01719909194139671, -0.018596715513620014, -0.999679125], [-0.734155914, -0.678980923, 0.0], [-0.6787630549963324, 0.7339203417210953, -0.025330744]]
307.8832, 22.0801, 65.45949999999999, [[0.00450001770710304, -0.003064755420336416, -0.999985178], [-0.562905622, -0.82652118, 0.0], [-0.82650892930307, 0.5628972786128708, -0.005444528]]
305.9961, 16.8617, 68.4434, [[0.006199645800589824, -0.002948380319824384, -0.999976435], [-0.429478516, -0.903077076, 0.0], [-0.903055794988704, 0.42946839533877046, -0.006865024]]
303.4815, 9.3697, 71.2505, [[0.002600067257091252, -0.0006900311605545269, -0.999996382], [-0.256510199, -0.966541524, 0.0], [-0.9665380270527661, 0.2565092709461, -0.002690073]]
301.5955, 3.4719, 72.4088, [[0.006100035611637572, -0.000586459735130088, -0.999981223], [-0.095699124, -0.995410306, 0.0], [-0.9953916151806843, 0.09569732705754865, -0.006128162]]
300.3377, -0.5364, 72.59360000000001, [[0.0035998992882226404, -7.919747201288002e-06, -0.99999352], [-0.002199986, -0.99999758, 0.0], [-0.9999911000156816, 0.0021999717440907202, -0.003599908]]
298.4517, -6.5405, 72.281, [[0.007100134185321745, 0.00108456713756292, -0.999974206], [0.15100151, -0.988533532, 0.0], [-0.9885080337660757, -0.15099761506705106, -0.007182492]]
295.6758, -15.1861, 70.03309999999999, [[0.002799927882258314, 0.001039327343103852, -0.99999554], [0.347996484, -0.937495838, 0.0], [-0.9374916567685626, -0.3479949319356814, -0.002986603]]
293.791, -20.6258, 67.4938, [[0.0053002951910789435, 0.002965939942423068, -0.999981555], [0.488324421, -0.872662168, 0.0], [-0.8726460717463111, -0.48831541385605465, -0.006073708]]
290.9066, -28.0635, 62.2678, [[0.00029999222631497594, 0.00024659585001043195, -0.999999925], [0.635006412, -0.772506866, 0.0], [-0.772506808061985, -0.6350063643745191, -0.000388336]]
287.0936, -27.1142, 63.0115, [[0.0012999314425289922, 0.001087576928430928, -0.999998564], [0.641680706, -0.766971884, 0.0], [-0.7669707826283746, -0.6416797845465062, -0.001694888]]
289.4879, -20.8516, 67.3495, [[-0.00409978147086864, -0.002387177888138696, -0.999988747], [0.503184961, -0.86417874, 0.0], [-0.8641690153966387, -0.5031792986596338, 0.004744136]]
291.3749, -15.4367, 69.95490000000001, [[-0.003299930632425924, -0.00133320023317602, -0.999993666], [0.374592515, -0.927189543, 0.0], [-0.9271836701814345, -0.37459014233101, 0.003559068]]
293.2612, -9.6629, 71.6242, [[-0.007700001270410267, -0.001731569346200834, -0.999968855], [0.219399922, -0.975635011, 0.0], [-0.9756046248475825, -0.2193930887894293, 0.007892297]]
295.7758, -1.7203, 72.6164, [[-0.00410006848985251, -0.00013784438607086002, -0.999991585], [0.033601036, -0.999435326, 0.0], [-0.9994269157517316, -0.03360075324728206, 0.004102385]]
298.9196, 8.2366, 71.6036, [[-0.00280016522410716, 0.000592491370085136, -0.999995904], [-0.207008328, -0.97833918, 0.0], [-0.9783351727227187, 0.2070074800938885, 0.002862162]]
