X Y Z Matriz de rotación
-20.0, -9.9524, 43.0624, [[0.002200144156229888, 0.002546077362990524, -0.999994338], [0.756637873, -0.653834176, 0.0], [-0.6538304739908956, -0.756633588916363, -0.003364988]]
-20.0, -20.0, 32.3962, [[-0.029300633852209587, -0.00580073577544556, -0.999553813], [0.194203876, -0.980961189, 0.0], [-0.9805234968699637, -0.1941172247551792, 0.02986931]]
-18.9913, -20.0, 32.3592, [[-0.029400006087995447, -0.005823400327789409, -0.999550763], [0.194299924, -0.980942169, 0.0], [-0.9805014934828249, -0.19421263728504204, 0.029971192]]
-20.0, -2.7449, 46.6102, [[0.00010000525983551999, 1.325603269536e-05, -0.999999995], [0.131403972, -0.991328904, 0.0], [-0.9913288990433554, -0.13140397134298015, -0.00010088]]
-20.0, -5.3786, 45.8404, [[0.00039993350660114796, 0.00010764522386259199, -0.999999914], [0.259907776, -0.965633444, 0.0], [-0.9656333609555238, -0.25990775364793123, -0.000414167]]
-20.0, 15.5392, 37.1708, [[0.00759972708500382, -0.004990204293688043, -0.99995867], [-0.548878101, -0.835902405, 0.0], [-0.8358678571536015, 0.5488554158680857, -0.009091644]]
-20.0, 11.1765, 42.6146, [[0.0, 0.0, -1.0], [-0.762130503, -0.647423429, 0.0], [-0.647423429, 0.762130503, 0.0]]
-20.0, 8.3058, 44.9529, [[0.0, 0.0, -1.0], [-0.433199964, -0.901297837, 0.0], [-0.901297837, 0.433199964, 0.0]]
-20.0, 3.1474, 47.0283, [[0.0, 0.0, -1.0], [-0.180301812, -0.983611334, 0.0], [-0.983611334, 0.180301812, 0.0]]
-20.0, -1.2916, 47.255, [[-0.000100008086752914, -5.90048286957e-06, -0.999999995], [0.058897635, -0.998264027, 0.0], [-0.9982640220086799, -0.05889763470551183, 0.000100182]]
-20.0, -4.9627, 46.5786, [[9.993163442566801e-05, 2.2580430607397e-05, -0.999999995], [0.220402247, -0.975409068, 0.0], [-0.9754090631229547, -0.22040224589798876, -0.000102451]]
-20.0, -9.8146, 43.8644, [[0.00269993244299399, 0.0031482388230218506, -0.999991399], [0.759084775, -0.650991785, 0.0], [-0.6509861858196572, -0.7590782461118503, -0.004147414]]
-20.0, -20.0, 33.0992, [[-0.029000240778156418, -0.005682866948789482, -0.99956325], [0.192301882, -0.981335817, 0.0], [-0.9809072185819253, -0.1922178941530365, 0.029551801]]
0.1742, -20.0, 32.3592, [[-0.023699465899992476, -0.003819155836826143, -0.999711833], [0.159096883, -0.987262975, 0.0], [-0.9869784783902832, -0.15905103652851654, 0.024005221]]
20.0, 5.3786, 45.8404, [[-0.00039993350660114796, 0.00010764522386259199, -0.999999914], [-0.259907776, -0.965633444, 0.0], [-0.9656333609555238, 0.25990775364793123, 0.000414167]]
20.0, 2.7448, 46.6102, [[-0.00010000525983551999, 1.325603269536e-05, -0.999999995], [-0.131403972, -0.991328904, 0.0], [-0.9913288990433554, 0.13140397134298015, 0.00010088]]
18.9913, 20.0, 32.3592, [[0.029400006087995447, -0.005823400327789409, -0.999550763], [-0.194299924, -0.980942169, 0.0], [-0.9805014934828249, 0.19421263728504204, -0.029971192]]
20.0, 20.0, 32.3962, [[0.029300633852209587, -0.00580073577544556, -0.999553813], [-0.194203876, -0.980961189, 0.0], [-0.9805234968699637, 0.1941172247551792, -0.02986931]]
20.0, 9.9525, 43.0623, [[-0.002200008351819785, 0.002545503486232265, -0.99999434], [-0.756584921, -0.653895449, 0.0], [-0.6538917479517586, 0.7565806387293471, 0.003364465]]
-0.1742, 20.0, 32.3592, [[0.023699465899992476, -0.003819155836826143, -0.999711833], [-0.159096883, -0.987262975, 0.0], [-0.9869784783902832, 0.15905103652851654, -0.024005221]]
20.0, 20.0, 33.0993, [[0.029000240778156418, -0.005682866948789482, -0.99956325], [-0.192301882, -0.981335817, 0.0], [-0.9809072185819253, 0.1922178941530365, -0.029551801]]
20.0, 9.8147, 43.8644, [[-0.00269993244299399, 0.0031482388230218506, -0.999991399], [-0.759084775, -0.650991785, 0.0], [-0.6509861858196572, 0.7590782461118503, 0.004147414]]
20.0, 4.9627, 46.5786, [[-9.993163442566801e-05, 2.2580430607397e-05, -0.999999995], [-0.220402247, -0.975409068, 0.0], [-0.9754090631229547, 0.22040224589798876, 0.000102451]]
20.0, 1.2916, 47.255, [[0.000100008086752914, -5.90048286957e-06, -0.999999995], [-0.058897635, -0.998264027, 0.0], [-0.9982640220086799, 0.05889763470551183, -0.000100182]]
20.0, -3.1474, 47.0283, [[0.0, 0.0, -1.0], [0.180301812, -0.983611334, 0.0], [-0.983611334, -0.180301812, 0.0]]
20.0, -8.3058, 44.9529, [[0.0, 0.0, -1.0], [0.433199964, -0.901297837, 0.0], [-0.901297837, -0.433199964, 0.0]]
20.0, -11.1765, 42.6146, [[0.0, 0.0, -1.0], [0.762130503, -0.647423429, 0.0], [-0.647423429, -0.762130503, 0.0]]
20.0, -15.5392, 37.1708, [[-0.00759972708500382, -0.004990204293688043, -0.99995867], [0.548878101, -0.835902405, 0.0], [-0.8358678571536015, -0.5488554158680857, 0.009091644]]
19.9859, -20.0, 32.3725, [[-0.01790049987792478, -0.0022205073632826002, -0.999837307], [0.1231037, -0.992393812, 0.0], [-0.9922323564735442, -0.12308367188973589, 0.018037698]]
20.0, -10.0178, 44.3858, [[0.001500048140067456, 0.001970001771511424, -0.999996934], [0.795607994, -0.605811786, 0.0], [-0.6058099285810641, -0.7956055546658904, -0.002476096]]
20.0, -5.2639, 47.0478, [[0.0, 0.0, -1.0], [0.390792178, -0.920478937, 0.0], [-0.920478937, -0.390792178, 0.0]]
20.0, -1.6648, 47.7088, [[0.0, 0.0, -1.0], [0.011000414, -0.999939494, 0.0], [-0.999939494, -0.011000414, 0.0]]
20.0, 3.4919, 47.4979, [[0.00019993777308544, -2.705521178464e-05, -0.99999998], [-0.134096014, -0.990968344, 0.0], [-0.9909683241806332, 0.13409601131807974, -0.00020176]]
20.0, 8.5409, 45.4565, [[0.000300053163519945, -0.00017388576192289498, -0.99999994], [-0.501405035, -0.865212685, 0.0], [-0.865212633087239, 0.501405004915698, -0.000346797]]
20.0, 11.3539, 43.1653, [[0.000300009351391188, -0.000304453032207231, -0.999999909], [-0.712285801, -0.701889548, 0.0], [-0.7018894841280512, 0.7122857361819922, -0.000427431]]
20.0, 20.0, 33.8393, [[0.02860019941403461, -0.005543983504175676, -0.999575556], [-0.190301844, -0.981725628, 0.0], [-0.9813089404475491, 0.19022107152412526, -0.029132579]]
-20.0, 20.0, 32.3724, [[0.01790049987792478, -0.0022205073632826002, -0.999837307], [-0.1231037, -0.992393812, 0.0], [-0.9922323564735442, 0.12308367188973589, -0.018037698]]
-20.0, 10.0178, 44.3858, [[-0.001500048140067456, 0.001970001771511424, -0.999996934], [-0.795607994, -0.605811786, 0.0], [-0.6058099285810641, 0.7956055546658904, 0.002476096]]
-20.0, 5.2639, 47.0478, [[0.0, 0.0, -1.0], [-0.390792178, -0.920478937, 0.0], [-0.920478937, 0.390792178, 0.0]]
-20.0, 1.6648, 47.7088, [[0.0, 0.0, -1.0], [-0.011000414, -0.999939494, 0.0], [-0.999939494, 0.011000414, 0.0]]
-20.0, -3.4919, 47.4979, [[-0.00019993777308544, -2.705521178464e-05, -0.99999998], [0.134096014, -0.990968344, 0.0], [-0.9909683241806332, -0.13409601131807974, 0.00020176]]
-20.0, -8.5409, 45.4565, [[-0.000300053163519945, -0.00017388576192289498, -0.99999994], [0.501405035, -0.865212685, 0.0], [-0.865212633087239, -0.501405004915698, 0.000346797]]
-20.0, -11.3539, 43.1653, [[-0.000300009351391188, -0.000304453032207231, -0.999999909], [0.712285801, -0.701889548, 0.0], [-0.7018894841280512, -0.7122857361819922, 0.000427431]]
-20.0, -20.0, 33.8393, [[-0.02860019941403461, -0.005543983504175676, -0.999575556], [0.190301844, -0.981725628, 0.0], [-0.9813089404475491, -0.19022107152412526, 0.029132579]]
19.9859, -20.0, 32.3725, [[-0.01790049987792478, -0.0022205073632826002, -0.999837307], [0.1231037, -0.992393812, 0.0], [-0.9922323564735442, -0.12308367188973589, 0.018037698]]
20.0, -20.0, 33.1403, [[-0.01740047403453426, -0.00217450828104436, -0.999846236], [0.124003798, -0.992281743, 0.0], [-0.9921291657900694, -0.12398473068000433, 0.01753582]]
20.0, -10.2216, 44.9085, [[0.0014999653250394958, 0.0019273363975915979, -0.999997018], [0.789168454, -0.614176808, 0.0], [-0.6141749765247585, -0.7891661006996702, -0.002442237]]
20.0, -5.5647, 47.5162, [[0.0, 0.0, -1.0], [0.386615514, -0.922240991, 0.0], [-0.922240991, -0.386615514, 0.0]]
20.0, -2.039, 48.1637, [[0.0, 0.0, -1.0], [0.013300064, -0.99991155, 0.0], [-0.99991155, -0.013300064, 0.0]]
20.0, 3.8298, 47.9585, [[0.00040007579641186496, -5.393524094352e-05, -0.999999919], [-0.133603936, -0.991034807, 0.0], [-0.9910347267261806, 0.13360392517808117, -0.000403695]]
20.0, 8.7754, 45.9588, [[0.000499953792167515, -0.00028490637918365, -0.999999834], [-0.49511479, -0.868827569, 0.0], [-0.8688274247746236, 0.4951147078109449, -0.000575435]]
20.0, 11.5309, 43.7146, [[0.0005000172077130099, -0.0004969108328567761, -0.999999752], [-0.704900052, -0.709306645, 0.0], [-0.709306469091952, 0.7048998771847872, -0.000704938]]
20.0, 20.0, 34.5794, [[0.02820021817547225, -0.005406876443587875, -0.999587672], [-0.188301873, -0.982111198, 0.0], [-0.9817062460539511, 0.18822423086530965, -0.028713875]]
-20.0, 20.0, 33.1403, [[0.01740047403453426, -0.00217450828104436, -0.999846236], [-0.124003798, -0.992281743, 0.0], [-0.9921291657900694, 0.12398473068000433, -0.01753582]]
-20.0, 10.2216, 44.9085, [[-0.0014999653250394958, 0.0019273363975915979, -0.999997018], [-0.789168454, -0.614176808, 0.0], [-0.6141749765247585, 0.7891661006996702, 0.002442237]]
-20.0, 5.5647, 47.5162, [[0.0, 0.0, -1.0], [-0.386615514, -0.922240991, 0.0], [-0.922240991, 0.386615514, 0.0]]
-20.0, 2.039, 48.1637, [[0.0, 0.0, -1.0], [-0.013300064, -0.99991155, 0.0], [-0.99991155, 0.013300064, 0.0]]
-20.0, -3.8298, 47.9585, [[-0.00040007579641186496, -5.393524094352e-05, -0.999999919], [0.133603936, -0.991034807, 0.0], [-0.9910347267261806, -0.13360392517808117, 0.000403695]]
-20.0, -8.7754, 45.9588, [[-0.000499953792167515, -0.00028490637918365, -0.999999834], [0.49511479, -0.868827569, 0.0], [-0.8688274247746236, -0.4951147078109449, 0.000575435]]
-20.0, -11.5309, 43.7146, [[-0.0005000172077130099, -0.0004969108328567761, -0.999999752], [0.704900052, -0.709306645, 0.0], [-0.709306469091952, -0.7048998771847872, 0.000704938]]
-20.0, -20.0, 34.5794, [[-0.02820021817547225, -0.005406876443587875, -0.999587672], [0.188301873, -0.982111198, 0.0], [-0.9817062460539511, -0.18822423086530965, 0.028713875]]
20.0, -20.0, 33.1403, [[-0.01740047403453426, -0.00217450828104436, -0.999846236], [0.124003798, -0.992281743, 0.0], [-0.9921291657900694, -0.12398473068000433, 0.01753582]]
20.0, -20.0, 33.9082, [[-0.017000448883816303, -0.00214015951148003, -0.999853191], [0.124902581, -0.99216901, 0.0], [-0.992023350659811, -0.12488424417698597, 0.01713463]]
20.0, -10.4253, 45.4313, [[-9.9948432894674e-05, -7.5880167866139e-05, -0.999999992], [0.604675851, -0.796471666, 0.0], [-0.7964716596282266, -0.6046758461625932, 0.000125489]]
20.0, -5.8654, 47.9846, [[-9.998570530647e-05, -4.137949761561e-05, -0.999999994], [0.382399941, -0.923996907, 0.0], [-0.9239969014560185, -0.38239993870560035, 0.00010821]]
20.0, -2.4132, 48.6186, [[-9.999483094822602e-05, -1.5600735975080001e-06, -0.999999995], [0.015599644, -0.999878318, 0.0], [-0.9998783130006085, -0.01559964392200178, 0.000100007]]
20.0, 4.1677, 48.419, [[0.000600068027710275, -8.058609803820999e-05, -0.999999817], [-0.133100062, -0.991102605, 0.0], [-0.9911024236282233, 0.13310003764268863, -0.000605455]]
20.0, 9.01, 46.4612, [[0.0007000013582705681, -0.00039208202975045604, -0.999999678], [-0.488680477, -0.872462831, 0.0], [-0.8724625500669684, 0.4886803196448864, -0.000802328]]
20.0, 11.7078, 44.2638, [[0.0006999799895915641, -0.000681134022572184, -0.999999523], [-0.697393044, -0.716688874, 0.0], [-0.7166885321394071, 0.697392711343518, -0.000976686]]
20.0, 20.0, 35.3195, [[0.02779997222978106, -0.00527141976467272, -0.999599607], [-0.18629992, -0.982492921, 0.0], [-0.982099537711882, 0.18622532681613144, -0.028295341]]
-20.0, 20.0, 33.9082, [[0.017000448883816303, -0.00214015951148003, -0.999853191], [-0.124902581, -0.99216901, 0.0], [-0.992023350659811, 0.12488424417698597, -0.01713463]]
-20.0, 10.4253, 45.4313, [[9.9948432894674e-05, -7.5880167866139e-05, -0.999999992], [-0.604675851, -0.796471666, 0.0], [-0.7964716596282266, 0.6046758461625932, -0.000125489]]
-20.0, 5.8654, 47.9846, [[9.998570530647e-05, -4.137949761561e-05, -0.999999994], [-0.382399941, -0.923996907, 0.0], [-0.9239969014560185, 0.38239993870560035, -0.00010821]]
-20.0, 2.4132, 48.6186, [[9.999483094822602e-05, -1.5600735975080001e-06, -0.999999995], [-0.015599644, -0.999878318, 0.0], [-0.9998783130006085, 0.01559964392200178, -0.000100007]]
-20.0, -4.1677, 48.419, [[-0.000600068027710275, -8.058609803820999e-05, -0.999999817], [0.133100062, -0.991102605, 0.0], [-0.9911024236282233, -0.13310003764268863, 0.000605455]]
-20.0, -9.01, 46.4612, [[-0.0007000013582705681, -0.00039208202975045604, -0.999999678], [0.488680477, -0.872462831, 0.0], [-0.8724625500669684, -0.4886803196448864, 0.000802328]]
-20.0, -11.7078, 44.2638, [[-0.0006999799895915641, -0.000681134022572184, -0.999999523], [0.697393044, -0.716688874, 0.0], [-0.7166885321394071, -0.697392711343518, 0.000976686]]
-20.0, -20.0, 35.3195, [[-0.02779997222978106, -0.00527141976467272, -0.999599607], [0.18629992, -0.982492921, 0.0], [-0.982099537711882, -0.18622532681613144, 0.028295341]]
20.0, -20.0, 33.9082, [[-0.017000448883816303, -0.00214015951148003, -0.999853191], [0.124902581, -0.99216901, 0.0], [-0.992023350659811, -0.12488424417698597, 0.01713463]]
20.0, -20.0, 34.6762, [[-0.01660032042866591, -0.002105085631887714, -0.999859989], [0.125802474, -0.99205531, 0.0], [-0.9919164113439916, -0.12578486026981278, 0.016733261]]
20.0, -10.629, 45.954, [[-0.000100062688233126, -7.4567098004424e-05, -0.999999992], [0.597535864, -0.801842186, 0.0], [-0.8018421795852625, -0.5975358592197131, 0.000124791]]
20.0, -6.1661, 48.453, [[-0.00010000742965765199, -4.0869197726399996e-05, -0.999999994], [0.3782924, -0.925686157, 0.0], [-0.9256861514458831, -0.37829239773024553, 0.000108036]]
20.0, -2.7874, 49.0736, [[-9.999097577838302e-05, -1.790196404977e-06, -0.999999995], [0.017900711, -0.999839769, 0.0], [-0.9998397640008012, -0.017900710910496446, 0.000100007]]
20.0, 4.5055, 48.8796, [[0.0007999139739968, -0.00010701026050624, -0.999999674], [-0.132595981, -0.99117017, 0.0], [-0.9911698468785245, 0.1325959377737102, -0.00080704]]
20.0, 9.2445, 46.9635, [[0.000899986689208926, -0.00049534967715453, -0.999999472], [-0.48218553, -0.876069126, 0.0], [-0.8760686634355014, 0.4821852754060401, -0.001027301]]
20.0, 11.8848, 44.813, [[0.0008999409790677631, -0.000857193018685299, -0.999999228], [-0.689700051, -0.724095187, 0.0], [-0.7240946279985155, 0.6896995185515605, -0.001242849]]
20.0, 20.0, 36.0596, [[0.02739912158036515, -0.00514039193695755, -0.999611357], [-0.184394457, -0.982852321, 0.0], [-0.9824703423254096, 0.18432279338504817, -0.02787715]]
-20.0, 20.0, 34.6762, [[0.01660032042866591, -0.002105085631887714, -0.999859989], [-0.125802474, -0.99205531, 0.0], [-0.9919164113439916, 0.12578486026981278, -0.016733261]]
-20.0, 10.629, 45.954, [[0.000100062688233126, -7.4567098004424e-05, -0.999999992], [-0.597535864, -0.801842186, 0.0], [-0.8018421795852625, 0.5975358592197131, -0.000124791]]
-20.0, 6.1661, 48.453, [[0.00010000742965765199, -4.0869197726399996e-05, -0.999999994], [-0.3782924, -0.925686157, 0.0], [-0.9256861514458831, 0.37829239773024553, -0.000108036]]
-20.0, 2.7874, 49.0736, [[9.999097577838302e-05, -1.790196404977e-06, -0.999999995], [-0.017900711, -0.999839769, 0.0], [-0.9998397640008012, 0.017900710910496446, -0.000100007]]
-20.0, -4.5055, 48.8795, [[-0.0007999139739968, -0.00010701026050624, -0.999999674], [0.132595981, -0.99117017, 0.0], [-0.9911698468785245, -0.1325959377737102, 0.00080704]]
-20.0, -9.2445, 46.9635, [[-0.000899986689208926, -0.00049534967715453, -0.999999472], [0.48218553, -0.876069126, 0.0], [-0.8760686634355014, -0.4821852754060401, 0.001027301]]
-20.0, -11.8848, 44.813, [[-0.0008999409790677631, -0.000857193018685299, -0.999999228], [0.689700051, -0.724095187, 0.0], [-0.7240946279985155, -0.6896995185515605, 0.001242849]]
-20.0, -20.0, 36.0596, [[-0.02739912158036515, -0.00514039193695755, -0.999611357], [0.184394457, -0.982852321, 0.0], [-0.9824703423254096, -0.18432279338504817, 0.02787715]]
20.0, -20.0, 34.6762, [[-0.01660032042866591, -0.002105085631887714, -0.999859989], [0.125802474, -0.99205531, 0.0], [-0.9919164113439916, -0.12578486026981278, 0.016733261]]
20.0, -20.0, 35.4441, [[-0.0162003032554989, -0.0020676367608220723, -0.999866629], [0.126602542, -0.991953525, 0.0], [-0.9918212271664172, -0.12658565689237092, 0.016331716]]
20.0, -10.8327, 46.4767, [[-0.00010002515542226999, -7.314806217719399e-05, -0.999999992], [0.590294083, -0.807188265, 0.0], [-0.8071882585424939, -0.5902940782776473, 0.000123918]]
20.0, -6.4669, 48.9214, [[-0.00010003290174406101, -4.0341218268065e-05, -0.999999994], [0.374011165, -0.927424201, 0.0], [-0.9274241954354547, -0.374011162755933, 0.000107861]]
20.0, -3.1616, 49.5285, [[-9.9986392457573e-05, -2.0301172982640004e-06, -0.999999995], [0.020299752, -0.999793939, 0.0], [-0.9997939340010303, -0.02029975189850124, 0.000100007]]
20.0, 3.1677, 49.5359, [[0.0009998793351558828, -6.2310708381649e-05, -0.999999498], [-0.062197571, -0.998063857, 0.0], [-0.9980633559719437, 0.062197539776819355, -0.001001819]]
20.0, 8.0153, 48.2854, [[0.001100070371280284, -0.00048787945749033596, -0.999999276], [-0.405416184, -0.914132221, 0.0], [-0.914131559168272, 0.4054158904786828, -0.001203404]]
20.0, 12.0617, 45.3622, [[0.001100063189328686, -0.0010250253393860591, -0.99999887], [-0.681713659, -0.731619086, 0.0], [-0.7316182592704329, 0.6817128886635654, -0.001503601]]
20.0, 20.0, 36.7997, [[0.026998704682686746, -0.005008325275241624, -0.999622922], [-0.182390831, -0.983226111, 0.0], [-0.9828553580645164, 0.1823220554302282, -0.027459304]]
-20.0, 20.0, 35.4441, [[0.0162003032554989, -0.0020676367608220723, -0.999866629], [-0.126602542, -0.991953525, 0.0], [-0.9918212271664172, 0.12658565689237092, -0.016331716]]
-20.0, 10.8327, 46.4767, [[0.00010002515542226999, -7.314806217719399e-05, -0.999999992], [-0.590294083, -0.807188265, 0.0], [-0.8071882585424939, 0.5902940782776473, -0.000123918]]
-20.0, 6.4669, 48.9214, [[0.00010003290174406101, -4.0341218268065e-05, -0.999999994], [-0.374011165, -0.927424201, 0.0], [-0.9274241954354547, 0.374011162755933, -0.000107861]]
-20.0, 3.1616, 49.5285, [[9.9986392457573e-05, -2.0301172982640004e-06, -0.999999995], [-0.020299752, -0.999793939, 0.0], [-0.9997939340010303, 0.02029975189850124, -0.000100007]]
-20.0, -3.1677, 49.5359, [[-0.0009998793351558828, -6.2310708381649e-05, -0.999999498], [0.062197571, -0.998063857, 0.0], [-0.9980633559719437, -0.062197539776819355, 0.001001819]]
-20.0, -8.0153, 48.2854, [[-0.001100070371280284, -0.00048787945749033596, -0.999999276], [0.405416184, -0.914132221, 0.0], [-0.914131559168272, -0.4054158904786828, 0.001203404]]
-20.0, -12.0617, 45.3622, [[-0.001100063189328686, -0.0010250253393860591, -0.99999887], [0.681713659, -0.731619086, 0.0], [-0.7316182592704329, -0.6817128886635654, 0.001503601]]
-20.0, -20.0, 36.7997, [[-0.026998704682686746, -0.005008325275241624, -0.999622922], [0.182390831, -0.983226111, 0.0], [-0.9828553580645164, -0.1823220554302282, 0.027459304]]
20.0, -20.0, 35.4441, [[-0.0162003032554989, -0.0020676367608220723, -0.999866629], [0.126602542, -0.991953525, 0.0], [-0.9918212271664172, -0.12658565689237092, 0.016331716]]
20.0, -20.0, 36.212, [[-0.01580015259573389, -0.0020311155362016005, -0.999873107], [0.1275012, -0.991838416, 0.0], [-0.9917125586478786, -0.1274850209902284, 0.015930168]]
20.0, -11.0364, 46.9995, [[-9.997248089397801e-05, -7.1734379346168e-05, -0.999999992], [0.582988308, -0.812480543, 0.0], [-0.8124805365001557, -0.5829883033360935, 0.000123046]]
20.0, -6.7676, 49.3899, [[-0.000100053059847353, -3.9823048457412e-05, -0.999999994], [0.369803676, -0.929109919, 0.0], [-0.9291099134253404, -0.36980367378117796, 0.000107687]]
20.0, -3.5358, 49.9834, [[-9.998145481196201e-05, -2.260254406734e-06, -0.999999995], [0.022600962, -0.999744566, 0.0], [-0.9997445610012772, -0.02260096188699519, 0.000100007]]
20.0, 3.5429, 49.9921, [[0.001199976034955464, -7.562982197117101e-05, -0.999999277], [-0.062901303, -0.998019752, 0.0], [-0.9980190304317194, 0.06290125752235794, -0.001202357]]
20.0, 8.2825, 48.7694, [[0.0012999230213449442, -0.0005671371520304461, -0.999998994], [-0.399884049, -0.916565736, 0.0], [-0.9165648139348697, 0.3998836467166467, -0.001418254]]
20.0, 12.2387, 45.9114, [[0.0013000270896559262, -0.001184823415629216, -0.999998453], [-0.673600048, -0.739096053, 0.0], [-0.7390949096184061, 0.6735990059407257, -0.001758942]]
20.0, 20.0, 37.5398, [[0.026600376175501227, -0.0048815979060795505, -0.999634228], [-0.180501807, -0.983574653, 0.0], [-0.9832148889320229, 0.18043578449304998, -0.027044593]]
-20.0, 20.0, 36.212, [[0.01580015259573389, -0.0020311155362016005, -0.999873107], [-0.1275012, -0.991838416, 0.0], [-0.9917125586478786, 0.1274850209902284, -0.015930168]]
-20.0, 11.0364, 46.9995, [[9.997248089397801e-05, -7.1734379346168e-05, -0.999999992], [-0.582988308, -0.812480543, 0.0], [-0.8124805365001557, 0.5829883033360935, -0.000123046]]
-20.0, 6.7676, 49.3899, [[0.000100053059847353, -3.9823048457412e-05, -0.999999994], [-0.369803676, -0.929109919, 0.0], [-0.9291099134253404, 0.36980367378117796, -0.000107687]]
-20.0, 3.5358, 49.9834, [[9.998145481196201e-05, -2.260254406734e-06, -0.999999995], [-0.022600962, -0.999744566, 0.0], [-0.9997445610012772, 0.02260096188699519, -0.000100007]]
-20.0, -3.5429, 49.9921, [[-0.001199976034955464, -7.562982197117101e-05, -0.999999277], [0.062901303, -0.998019752, 0.0], [-0.9980190304317194, -0.06290125752235794, 0.001202357]]
-20.0, -8.2825, 48.7694, [[-0.0012999230213449442, -0.0005671371520304461, -0.999998994], [0.399884049, -0.916565736, 0.0], [-0.9165648139348697, -0.3998836467166467, 0.001418254]]
-20.0, -12.2387, 45.9114, [[-0.0013000270896559262, -0.001184823415629216, -0.999998453], [0.673600048, -0.739096053, 0.0], [-0.7390949096184061, -0.6735990059407257, 0.001758942]]
-20.0, -20.0, 37.5398, [[-0.026600376175501227, -0.0048815979060795505, -0.999634228], [0.180501807, -0.983574653, 0.0], [-0.9832148889320229, -0.18043578449304998, 0.027044593]]
20.0, -20.0, 36.212, [[-0.01580015259573389, -0.0020311155362016005, -0.999873107], [0.1275012, -0.991838416, 0.0], [-0.9917125586478786, -0.1274850209902284, 0.015930168]]
20.0, -20.0, 36.9799, [[-0.01540027391221202, -0.0019923627274636667, -0.999879424], [0.128302651, -0.99173506, 0.0], [-0.9916154805534054, -0.128287180779553, 0.015528617]]
20.0, -11.2401, 47.5222, [[-0.000100056405939692, -7.0411282686708e-05, -0.999999993], [0.575500071, -0.817801729, 0.0], [-0.8178017232753879, -0.5755000669714995, 0.000122348]]
20.0, -7.0683, 49.8583, [[-0.000100073235688992, -3.9296025838512e-05, -0.999999994], [0.365503626, -0.930809916, 0.0], [-0.9308099104151404, -0.36550362380697826, 0.000107512]]
20.0, -3.9099, 50.4383, [[-9.9975743512199e-05, -2.5001509983200003e-06, -0.999999995], [0.02499976, -0.999687457, 0.0], [-0.9996874520015627, -0.0249997598750012, 0.000100007]]
20.0, 3.9181, 50.4483, [[0.0012999021348382438, -8.2838923515943e-05, -0.999999152], [-0.063598037, -0.997975596, 0.0], [-0.9979747497166945, 0.06359798306886462, -0.001302539]]
20.0, 8.5496, 49.2535, [[0.001499996097704349, -0.000643575749501556, -0.999998668], [-0.394292076, -0.918985179, 0.0], [-0.9189839549117416, 0.39429155080295475, -0.001632231]]
20.0, 12.4157, 46.4606, [[0.001500026068526516, -0.001336484808959434, -0.999997982], [-0.665233222, -0.746635628, 0.0], [-0.7466341212893027, 0.665231879559358, -0.002009047]]
20.0, 20.0, 38.2799, [[0.026199804438327746, -0.00475295086901797, -0.999645427], [-0.178498262, -0.983940227, 0.0], [-0.9835913483618919, 0.17843497133574787, -0.026627435]]
-20.0, 20.0, 36.9799, [[0.01540027391221202, -0.0019923627274636667, -0.999879424], [-0.128302651, -0.99173506, 0.0], [-0.9916154805534054, 0.128287180779553, -0.015528617]]
-20.0, 11.2401, 47.5222, [[0.000100056405939692, -7.0411282686708e-05, -0.999999993], [-0.575500071, -0.817801729, 0.0], [-0.8178017232753879, 0.5755000669714995, -0.000122348]]
-20.0, 7.0683, 49.8583, [[0.000100073235688992, -3.9296025838512e-05, -0.999999994], [-0.365503626, -0.930809916, 0.0], [-0.9308099104151404, 0.36550362380697826, -0.000107512]]
-20.0, 3.9099, 50.4383, [[9.9975743512199e-05, -2.5001509983200003e-06, -0.999999995], [-0.02499976, -0.999687457, 0.0], [-0.9996874520015627, 0.0249997598750012, -0.000100007]]
-20.0, -3.9181, 50.4483, [[-0.0012999021348382438, -8.2838923515943e-05, -0.999999152], [0.063598037, -0.997975596, 0.0], [-0.9979747497166945, -0.06359798306886462, 0.001302539]]
-20.0, -8.5496, 49.2535, [[-0.001499996097704349, -0.000643575749501556, -0.999998668], [0.394292076, -0.918985179, 0.0], [-0.9189839549117416, -0.39429155080295475, 0.001632231]]
-20.0, -12.4157, 46.4606, [[-0.001500026068526516, -0.001336484808959434, -0.999997982], [0.665233222, -0.746635628, 0.0], [-0.7466341212893027, -0.665231879559358, 0.002009047]]
-20.0, -20.0, 38.2799, [[-0.026199804438327746, -0.00475295086901797, -0.999645427], [0.178498262, -0.983940227, 0.0], [-0.9835913483618919, -0.17843497133574787, 0.026627435]]
20.0, -20.0, 36.9799, [[-0.01540027391221202, -0.0019923627274636667, -0.999879424], [0.128302651, -0.99173506, 0.0], [-0.9916154805534054, -0.128287180779553, 0.015528617]]
20.0, -20.0, 37.7478, [[-0.01500029664266293, -0.00195292132810137, -0.999885582], [0.129102633, -0.991631237, 0.0], [-0.9915177765371249, -0.1290878613349374, 0.01512689]]
20.0, -11.4439, 48.045, [[-0.0001999715415122, -0.000137971319577, -0.99999997], [0.56790006, -0.823097516, 0.0], [-0.8230974913070745, -0.5679000429629982, 0.00024295]]
20.0, -7.3691, 50.3267, [[-0.00020001998600976, -7.7476991570412e-05, -0.999999977], [0.361196412, -0.93248976, 0.0], [-0.9324897385527354, -0.3611964036924825, 0.000214501]]
20.0, -4.2841, 50.8933, [[-9.996917635253e-05, -2.750240303346e-06, -0.999999995], [0.027500478, -0.99962179, 0.0], [-0.999621785001891, -0.02750047786249761, 0.000100007]]
20.0, 4.2933, 50.9045, [[0.0014999663716269611, -9.665067838783701e-05, -0.99999887], [-0.064301881, -0.997930493, 0.0], [-0.9979293653385429, 0.06430180833887447, -0.001503077]]
20.0, 8.8168, 49.7375, [[0.001699914351179308, -0.000717124973096307, -0.999998298], [-0.388688361, -0.921369284, 0.0], [-0.9213677158294785, 0.38868769945240955, -0.001844987]]
20.0, 12.5926, 47.0099, [[0.0016999786877131661, -0.0014802022500576082, -0.99999746], [-0.656673688, -0.754174826, 0.0], [-0.7541729103959419, 0.6566720200488325, -0.002254091]]
20.0, 20.0, 39.02, [[0.025901151651819988, -0.004647375073080948, -0.999653706], [-0.176607014, -0.984281445, 0.0], [-0.9839405942412852, 0.1765458560506939, -0.026314782]]
-20.0, 20.0, 37.7478, [[0.01500029664266293, -0.00195292132810137, -0.999885582], [-0.129102633, -0.991631237, 0.0], [-0.9915177765371249, 0.1290878613349374, -0.01512689]]
-20.0, 11.4439, 48.045, [[0.0001999715415122, -0.000137971319577, -0.99999997], [-0.56790006, -0.823097516, 0.0], [-0.8230974913070745, 0.5679000429629982, -0.00024295]]
-20.0, 7.3691, 50.3267, [[0.00020001998600976, -7.7476991570412e-05, -0.999999977], [-0.361196412, -0.93248976, 0.0], [-0.9324897385527354, 0.3611964036924825, -0.000214501]]
-20.0, 4.2841, 50.8933, [[9.996917635253e-05, -2.750240303346e-06, -0.999999995], [-0.027500478, -0.99962179, 0.0], [-0.999621785001891, 0.02750047786249761, -0.000100007]]
-20.0, -4.2933, 50.9045, [[-0.0014999663716269611, -9.665067838783701e-05, -0.99999887], [0.064301881, -0.997930493, 0.0], [-0.9979293653385429, -0.06430180833887447, 0.001503077]]
-20.0, -8.8168, 49.7375, [[-0.001699914351179308, -0.000717124973096307, -0.999998298], [0.388688361, -0.921369284, 0.0], [-0.9213677158294785, -0.38868769945240955, 0.001844987]]
-20.0, -12.5926, 47.0099, [[-0.0016999786877131661, -0.0014802022500576082, -0.99999746], [0.656673688, -0.754174826, 0.0], [-0.7541729103959419, -0.6566720200488325, 0.002254091]]
-20.0, -20.0, 39.02, [[-0.025901151651819988, -0.004647375073080948, -0.999653706], [0.176607014, -0.984281445, 0.0], [-0.9839405942412852, -0.1765458560506939, 0.026314782]]
20.0, -20.0, 37.7478, [[-0.01500029664266293, -0.00195292132810137, -0.999885582], [0.129102633, -0.991631237, 0.0], [-0.9915177765371249, -0.1290878613349374, 0.01512689]]
20.0, -20.0, 38.5157, [[-0.01460002609734273, -0.0019142678403798398, -0.999891582], [0.130001344, -0.991513818, 0.0], [-0.99140632005488, -0.1299872495142862, 0.014724985]]
20.0, -11.6476, 48.5677, [[-0.00019994349948118, -0.000135227285032676, -0.999999971], [0.560228044, -0.82833842, 0.0], [-0.8283383959781859, -0.5602280277533868, 0.000241379]]
20.0, -7.6698, 50.7951, [[-0.00020004996723429602, -7.6427022117912e-05, -0.999999977], [0.356882131, -0.934149423, 0.0], [-0.9341494015145633, -0.356882122791711, 0.000214152]]
20.0, -4.6583, 51.3482, [[-0.00019992558169413, -5.98013727666e-06, -0.99999998], [0.029898444, -0.999552942, 0.0], [-0.9995529220089412, -0.02989844340203112, 0.000200015]]
20.0, 4.6686, 51.3606, [[0.0017000124454294048, -0.00011073280459449, -0.999998549], [-0.064998726, -0.997885347, 0.0], [-0.9978838990683614, 0.06499863168684858, -0.001703615]]
20.0, 9.0839, 50.2216, [[0.0018998848708772248, -0.00078767493091923, -0.999997885], [-0.382980914, -0.923756255, 0.0], [-0.9237543012555207, 0.38298010399536686, -0.002056695]]
20.0, 12.7696, 47.5591, [[0.001899881319840865, -0.0016158128298729127, -0.99999689], [-0.647861081, -0.761758505, 0.0], [-0.7617561359310494, 0.647859066152038, -0.002494073]]
20.0, 20.0, 39.7601, [[0.025499706482699475, -0.004524329785612409, -0.999664591], [-0.174698274, -0.984622015, 0.0], [-0.984291763914571, 0.17463967862661592, -0.025897965]]
-20.0, 20.0, 38.5157, [[0.01460002609734273, -0.0019142678403798398, -0.999891582], [-0.130001344, -0.991513818, 0.0], [-0.99140632005488, 0.1299872495142862, -0.014724985]]
-20.0, 11.6476, 48.5677, [[0.00019994349948118, -0.000135227285032676, -0.999999971], [-0.560228044, -0.82833842, 0.0], [-0.8283383959781859, 0.5602280277533868, -0.000241379]]
-20.0, 7.6698, 50.7951, [[0.00020004996723429602, -7.6427022117912e-05, -0.999999977], [-0.356882131, -0.934149423, 0.0], [-0.9341494015145633, 0.356882122791711, -0.000214152]]
-20.0, 4.6583, 51.3482, [[0.00019992558169413, -5.98013727666e-06, -0.99999998], [-0.029898444, -0.999552942, 0.0], [-0.9995529220089412, 0.02989844340203112, -0.000200015]]
-20.0, -4.6686, 51.3606, [[-0.0017000124454294048, -0.00011073280459449, -0.999998549], [0.064998726, -0.997885347, 0.0], [-0.9978838990683614, -0.06499863168684858, 0.001703615]]
-20.0, -9.0839, 50.2216, [[-0.0018998848708772248, -0.00078767493091923, -0.999997885], [0.382980914, -0.923756255, 0.0], [-0.9237543012555207, -0.38298010399536686, 0.002056695]]
-20.0, -12.7696, 47.5591, [[-0.001899881319840865, -0.0016158128298729127, -0.99999689], [0.647861081, -0.761758505, 0.0], [-0.7617561359310494, -0.647859066152038, 0.002494073]]
-20.0, -20.0, 39.7601, [[-0.025499706482699475, -0.004524329785612409, -0.999664591], [0.174698274, -0.984622015, 0.0], [-0.984291763914571, -0.17463967862661592, 0.025897965]]
20.0, -20.0, 38.5157, [[-0.01460002609734273, -0.0019142678403798398, -0.999891582], [0.130001344, -0.991513818, 0.0], [-0.99140632005488, -0.1299872495142862, 0.014724985]]
20.0, -20.0, 39.2836, [[-0.014200022721993878, -0.00187347750886296, -0.999897419], [0.13080132, -0.991408601, 0.0], [-0.9913069013143008, -0.13078790226979306, 0.014323078]]
20.0, -11.8513, 49.0904, [[-0.000200046587829585, -0.000132563958107799, -0.999999971], [0.552388953, -0.833586495, 0.0], [-0.8335864708259917, -0.5523889369807204, 0.000239983]]
20.0, -7.9705, 51.2635, [[-0.000199997447282977, -5.9171061701465e-05, -0.999999978], [0.283702895, -0.958912231, 0.0], [-0.9589122099039309, -0.28370288875853633, 0.000208567]]
20.0, -5.0325, 51.8031, [[-0.000199909995125225, -6.480282984774999e-06, -0.99999998], [0.032398985, -0.999475015, 0.0], [-0.9994749950104997, -0.0323989843520203, 0.000200015]]
20.0, 5.0438, 51.8168, [[0.0019000385899803321, -0.00012510795523004, -0.999998187], [-0.06570268, -0.997839244, 0.0], [-0.9978374349174506, 0.06570256088104116, -0.001904153]]
20.0, 9.3511, 50.7056, [[0.00210002127557437, -0.0008553379096111099, -0.999997429], [-0.377211287, -0.926127229, 0.0], [-0.9261248479268942, 0.37721031718978115, -0.00226753]]
20.0, 12.9465, 48.1083, [[0.0020999386309747442, -0.00174398284431042, -0.999996274], [-0.638893635, -0.769295082, 0.0], [-0.7692922156065245, 0.638891254482316, -0.002729692]]
20.0, 20.0, 40.5001, [[0.02510133077238206, -0.00440135488422098, -0.999675223], [-0.172708595, -0.984972965, 0.0], [-0.9846530684353462, 0.17265250322064168, -0.025484284]]
-20.0, 20.0, 39.2836, [[0.014200022721993878, -0.00187347750886296, -0.999897419], [-0.13080132, -0.991408601, 0.0], [-0.9913069013143008, 0.13078790226979306, -0.014323078]]
-20.0, 11.8513, 49.0904, [[0.000200046587829585, -0.000132563958107799, -0.999999971], [-0.552388953, -0.833586495, 0.0], [-0.8335864708259917, 0.5523889369807204, -0.000239983]]
-20.0, 7.9705, 51.2635, [[0.000199997447282977, -5.9171061701465e-05, -0.999999978], [-0.283702895, -0.958912231, 0.0], [-0.9589122099039309, 0.28370288875853633, -0.000208567]]
-20.0, 5.0325, 51.8031, [[0.000199909995125225, -6.480282984774999e-06, -0.99999998], [-0.032398985, -0.999475015, 0.0], [-0.9994749950104997, 0.0323989843520203, -0.000200015]]
-20.0, -5.0438, 51.8168, [[-0.0019000385899803321, -0.00012510795523004, -0.999998187], [0.06570268, -0.997839244, 0.0], [-0.9978374349174506, -0.06570256088104116, 0.001904153]]
-20.0, -9.3511, 50.7056, [[-0.00210002127557437, -0.0008553379096111099, -0.999997429], [0.377211287, -0.926127229, 0.0], [-0.9261248479268942, -0.37721031718978115, 0.00226753]]
-20.0, -12.9465, 48.1083, [[-0.0020999386309747442, -0.00174398284431042, -0.999996274], [0.638893635, -0.769295082, 0.0], [-0.7692922156065245, -0.638891254482316, 0.002729692]]
-20.0, -20.0, 40.5001, [[-0.02510133077238206, -0.00440135488422098, -0.999675223], [0.172708595, -0.984972965, 0.0], [-0.9846530684353462, -0.17265250322064168, 0.025484284]]
20.0, -20.0, 39.2836, [[-0.014200022721993878, -0.00187347750886296, -0.999897419], [0.13080132, -0.991408601, 0.0], [-0.9913069013143008, -0.13078790226979306, 0.014323078]]
20.0, -20.0, 40.0515, [[-0.013900085344557923, -0.0018453197389019758, -0.999901686], [0.131601384, -0.991302716, 0.0], [-0.9912052570647791, -0.13158844574153342, 0.014022039]]
20.0, -12.055, 49.6132, [[-0.00019997316940091999, -0.000129811452891052, -0.999999972], [0.544483721, -0.83877141, 0.0], [-0.8387713865144005, -0.5444837057544558, 0.000238412]]
20.0, -8.2713, 51.7319, [[-0.000200000833962864, -5.8539662628192e-05, -0.999999978], [0.280911276, -0.959733742, 0.0], [-0.9597337208858576, -0.2809112698199519, 0.000208392]]
20.0, -5.4067, 52.258, [[-0.000200067049065169, -6.986530237819e-06, -0.99999998], [0.034899671, -0.999390821, 0.0], [-0.9993908010121836, -0.03489967030200658, 0.000200189]]
20.0, 5.419, 52.273, [[0.002100046224782212, -0.000139749981755317, -0.999997785], [-0.066399287, -0.997793132, 0.0], [-0.9977909218882126, 0.0663991399255793, -0.002104691]]
20.0, 9.6183, 51.1897, [[0.0022999712945453426, -0.000919983418866986, -0.999996932], [-0.371388902, -0.928477401, 0.0], [-0.9284745524313337, 0.37138776257884865, -0.002477143]]
20.0, 13.1235, 48.6575, [[0.002299995175899356, -0.0018639008885730558, -0.999995618], [-0.629606272, -0.776914372, 0.0], [-0.7769109675612219, 0.629603513065316, -0.002960423]]
20.0, 20.0, 41.2402, [[0.02469996861395931, -0.00428167249371477, -0.99968574], [-0.170800069, -0.985305707, 0.0], [-0.9849960648285181, 0.17074639337031605, -0.02506833]]
-20.0, 20.0, 40.0515, [[0.013900085344557923, -0.0018453197389019758, -0.999901686], [-0.131601384, -0.991302716, 0.0], [-0.9912052570647791, 0.13158844574153342, -0.014022039]]
-20.0, 12.055, 49.6132, [[0.00019997316940091999, -0.000129811452891052, -0.999999972], [-0.544483721, -0.83877141, 0.0], [-0.8387713865144005, 0.5444837057544558, -0.000238412]]
-20.0, 8.2713, 51.7319, [[0.000200000833962864, -5.8539662628192e-05, -0.999999978], [-0.280911276, -0.959733742, 0.0], [-0.9597337208858576, 0.2809112698199519, -0.000208392]]
-20.0, 5.4067, 52.258, [[0.000200067049065169, -6.986530237819e-06, -0.99999998], [-0.034899671, -0.999390821, 0.0], [-0.9993908010121836, 0.03489967030200658, -0.000200189]]
-20.0, -5.419, 52.273, [[-0.002100046224782212, -0.000139749981755317, -0.999997785], [0.066399287, -0.997793132, 0.0], [-0.9977909218882126, -0.0663991399255793, 0.002104691]]
-20.0, -9.6183, 51.1897, [[-0.0022999712945453426, -0.000919983418866986, -0.999996932], [0.371388902, -0.928477401, 0.0], [-0.9284745524313337, -0.37138776257884865, 0.002477143]]
-20.0, -13.1235, 48.6575, [[-0.002299995175899356, -0.0018639008885730558, -0.999995618], [0.629606272, -0.776914372, 0.0], [-0.7769109675612219, -0.629603513065316, 0.002960423]]
-20.0, -20.0, 41.2402, [[-0.02469996861395931, -0.00428167249371477, -0.99968574], [0.170800069, -0.985305707, 0.0], [-0.9849960648285181, -0.17074639337031605, 0.02506833]]
20.0, -20.0, 40.0515, [[-0.013900085344557923, -0.0018453197389019758, -0.999901686], [0.131601384, -0.991302716, 0.0], [-0.9912052570647791, -0.13158844574153342, 0.014022039]]
20.0, -20.0, 40.8194, [[-0.013500048977986935, -0.001803281623580966, -0.999907244], [0.132399979, -0.991196371, 0.0], [-0.9911044315894115, -0.13238769810754789, 0.013619954]]
20.0, -12.2587, 50.1359, [[-0.000200028896644928, -0.000127141750782904, -0.999999972], [0.536426869, -0.843946808, 0.0], [-0.8439467843694893, -0.5364268539800477, 0.000237016]]
20.0, -8.572, 52.2003, [[-0.000200003403452928, -5.7908325027432007e-05, -0.999999978], [0.278113924, -0.960548096, 0.0], [-0.9605480748679419, -0.2781139178814937, 0.000208218]]
20.0, -5.7809, 52.7129, [[-0.000200048943171253, -7.487061593385e-06, -0.99999998], [0.037399965, -0.999300377, 0.0], [-0.9993003570139924, -0.0373999642520007, 0.000200189]]
20.0, 5.7942, 52.7292, [[0.0022000621582944032, -0.000148184911367623, -0.999997569], [-0.067202609, -0.997739349, 0.0], [-0.9977369234956427, 0.06720244563045752, -0.002205047]]
20.0, 9.8854, 51.6738, [[0.002499957324844588, -0.000981929852489068, -0.999996393], [-0.365589077, -0.930776357, 0.0], [-0.9307729996896803, 0.36558775832019924, -0.002685884]]
20.0, 13.3004, 49.2067, [[0.00250009451932308, -0.001976148850830618, -0.999994922], [-0.620106198, -0.78451788, 0.0], [-0.7845138962182053, 0.6201030491007266, -0.003186791]]
20.0, 20.0, 41.9803, [[0.024300755338446663, -0.0041643512831899205, -0.99969602], [-0.168905008, -0.985632334, 0.0], [-0.9853327214831108, 0.16885366425566817, -0.02465499]]
-20.0, 20.0, 40.8194, [[0.013500048977986935, -0.001803281623580966, -0.999907244], [-0.132399979, -0.991196371, 0.0], [-0.9911044315894115, 0.13238769810754789, -0.013619954]]
-20.0, 12.2587, 50.1359, [[0.000200028896644928, -0.000127141750782904, -0.999999972], [-0.536426869, -0.843946808, 0.0], [-0.8439467843694893, 0.5364268539800477, -0.000237016]]
-20.0, 8.572, 52.2003, [[0.000200003403452928, -5.7908325027432007e-05, -0.999999978], [-0.278113924, -0.960548096, 0.0], [-0.9605480748679419, 0.2781139178814937, -0.000208218]]
-20.0, 5.7809, 52.7129, [[0.000200048943171253, -7.487061593385e-06, -0.99999998], [-0.037399965, -0.999300377, 0.0], [-0.9993003570139924, 0.0373999642520007, -0.000200189]]
-20.0, -5.7942, 52.7292, [[-0.0022000621582944032, -0.000148184911367623, -0.999997569], [0.067202609, -0.997739349, 0.0], [-0.9977369234956427, -0.06720244563045752, 0.002205047]]
-20.0, -9.8854, 51.6738, [[-0.002499957324844588, -0.000981929852489068, -0.999996393], [0.365589077, -0.930776357, 0.0], [-0.9307729996896803, -0.36558775832019924, 0.002685884]]
