X Y Z Rotation_Matrix
-30.0, -9.952375679774704, 43.06240059596144, [[0.002227252983574392, 0.0025773212653052878, -0.999994198], [0.756621896, -0.653852664, 0.0], [-0.6538488703468435, -0.7566175060797594, -0.003406353]]
-30.0, -19.999998092651367, 32.39616398093758, [[-0.02934352864419025, -0.005807748234657249, -0.999552514], [0.194156279, -0.980970611, 0.0], [-0.9805316403851662, -0.1940693967833354, 0.02991275]]
-28.991340959064893, -19.999998092651367, 32.359161376953125, [[-0.02936330106024416, -0.00581477188087366, -0.999551892], [0.194256266, -0.980950816, 0.0], [-0.980511244091744, -0.1941692182131553, 0.02993351]]
-30.0, -2.7448965359286106, 46.610165109916906, [[8.460726503379299e-05, 1.1212542521873998e-05, -0.999999996], [0.131375942, -0.991332619, 0.0], [-0.9913326150346695, -0.13137594147449622, -8.5347e-05]]
-30.0, -5.378598066323043, 45.84042889812858, [[0.000387298040173777, 0.000104225659226651, -0.99999992], [0.259864463, -0.965645101, 0.0], [-0.965645023748392, -0.259864442210843, -0.000401077]]
-30.0, 15.539196517242587, 37.17075670260051, [[0.007616707207889927, -0.005001546101880669, -0.999958484], [-0.548892836, -0.835892729, 0.0], [-0.8358580260774628, 0.5488700481650207, -0.009112063]]
-30.0, 11.176470588235297, 42.61461744121477, [[1.6497769240182e-05, -1.9420502937204e-05, -1.0], [-0.762126322, -0.647428351, 0.0], [-0.647428351, 0.762126322, -2.5482e-05]]
-30.0, 8.305793206322363, 44.9529303184342, [[8.651509308829002e-06, -4.158387627896e-06, -1.0], [-0.433210504, -0.901292771, 0.0], [-0.901292771, 0.433210504, -9.599e-06]]
-30.0, 3.147398957084434, 47.02829265837539, [[1.6137025319817997e-05, -2.9585891840179995e-06, -1.0], [-0.180335803, -0.983605103, 0.0], [-0.983605103, 0.180335803, -1.6406e-05]]
-30.0, -1.2915773283257508, 47.255026984677215, [[-0.000148792132098526, -8.780776997475e-06, -0.999999989], [0.058911225, -0.998263226, 0.0], [-0.9982632150191044, -0.05891122435197652, 0.000149051]]
-30.0, -4.962695532350558, 46.57861881641762, [[0.0001002723764216, 2.26559159036e-05, -0.999999995], [0.220388287, -0.975412222, 0.0], [-0.9754122171229389, -0.22038828589805856, -0.0001028]]
-30.0, -9.814648976336777, 43.864389707802744, [[0.0027006185761671198, 0.0031492602252768597, -0.999991394], [0.759107385, -0.65096542, 0.0], [-0.6509598177915955, -0.7591008521218446, -0.004148636]]
-30.0, -19.999998092651367, 33.09924928276474, [[-0.028967780455148782, -0.005675235583559886, -0.999564235], [0.192260434, -0.981343939, 0.0], [-0.9809163036584218, -0.192176653631978, 0.029518479]]
-9.825842592123777, -19.999998092651367, 32.359161376953125, [[-0.023675682267716686, -0.003814301426445576, -0.999712415], [0.159055357, -0.987269666, 0.0], [-0.9869857420531033, -0.15900961506515715, 0.023980968]]
10.0, 5.378558742361911, 45.84044521400629, [[-0.000387298385902151, 0.000104224374978097, -0.99999992], [-0.259861261, -0.965645963, 0.0], [-0.9656458857483231, 0.25986124021109913, 0.000401077]]
10.0, 2.744830584970117, 46.61017350753237, [[-8.4607302245085e-05, 1.1212261986285e-05, -0.999999996], [-0.131372655, -0.991333055, 0.0], [-0.9913330510346678, 0.13137265447450938, 8.5347e-05]]
8.991289662835548, 20.0, 32.359161376953125, [[0.02936330106024416, -0.00581477188087366, -0.999551892], [-0.194256266, -0.980950816, 0.0], [-0.980511244091744, 0.1941692182131553, -0.02993351]]
10.0, 20.0, 32.396165863291905, [[0.02934352864419025, -0.005807748234657249, -0.999552514], [-0.194156279, -0.980970611, 0.0], [-0.9805316403851662, 0.1940693967833354, -0.02991275]]
10.0, 9.952453380414177, 43.06232952116618, [[-0.002227032680803519, 0.0025770490634271837, -0.9999942], [-0.756619728, -0.653855173, 0.0], [-0.6538513806399966, 0.7566153396055776, 0.003406003]]
-10.174206743300118, 20.0, 32.359161376953125, [[0.02367568293918379, -0.0038142972777381115, -0.999712415], [-0.159055184, -0.987269694, 0.0], [-0.986985770045051, 0.15900944211490933, -0.023980968]]
10.0, 20.0, 33.099251103729124, [[0.028967780455148782, -0.005675235583559886, -0.999564235], [-0.192260434, -0.981343939, 0.0], [-0.9809163036584218, 0.192176653631978, -0.029518479]]
10.0, 9.81465180841704, 43.86438727643255, [[-0.0027006191237870718, 0.003149259752332356, -0.999991394], [-0.759107271, -0.650965552, 0.0], [-0.6509599497904595, 0.7591007381228257, 0.004148636]]
10.0, 4.962695557837293, 46.57861879945882, [[-0.00010027240016840001, 2.2655810944800002e-05, -0.999999995], [-0.220387266, -0.975412453, 0.0], [-0.9754124481229378, 0.22038726489806368, 0.0001028]]
10.0, 1.2915774307865178, 47.25502706757371, [[0.00014879213358903601, -8.780751062601e-06, -0.999999989], [-0.058911051, -0.998263236, 0.0], [-0.9982632250191044, 0.05891105035197844, -0.000149051]]
10.0, -3.1473991487222293, 47.0282929672898, [[-1.6137025319817997e-05, -2.9585891840179995e-06, -1.0], [0.180335803, -0.983605103, 0.0], [-0.983605103, -0.180335803, 1.6406e-05]]
10.0, -8.305790301158552, 44.952932193639114, [[-8.651509308829002e-06, -4.158387627896e-06, -1.0], [0.433210504, -0.901292771, 0.0], [-0.901292771, -0.433210504, 9.599e-06]]
10.0, -11.176470555645935, 42.61461745614231, [[-1.6497769240182e-05, -1.9420502937204e-05, -1.0], [0.762126322, -0.647428351, 0.0], [-0.647428351, -0.762126322, 2.5482e-05]]
10.0, -15.539190186867977, 37.17076249315876, [[-0.007616704592727846, -0.005001550092964262, -0.999958484], [0.548893274, -0.835892442, 0.0], [-0.8358577390893779, -0.5488704861468366, 0.009112063]]
9.985868309934212, -19.999998092651367, 32.372459593584054, [[-0.017865267745465332, -0.0022167638026626348, -0.999837946], [0.123137995, -0.992389558, 0.0], [-0.9922287373025678, -0.12311803999535827, 0.018002273]]
10.0, -10.017841224346554, 44.38578110516513, [[0.001529187234257389, 0.002008360099855035, -0.999996814], [0.795621105, -0.605794567, 0.0], [-0.6057926369385095, -0.7956185701511594, -0.002524267]]
10.0, -5.263919298952366, 47.0477905066755, [[-2.8597000115072998e-05, -1.2139607611502999e-05, -1.0], [0.390755709, -0.920494419, 0.0], [-0.920494419, -0.390755709, 3.1067e-05]]
10.0, -1.6648220628811217, 47.70880346974331, [[-2.9669203687989e-05, -3.26486480405e-07, -1.0], [0.011003555, -0.999939459, 0.0], [-0.999939459, -0.011003555, 2.9671e-05]]
10.0, 3.4919285108966562, 47.497919397924996, [[0.000246290212742805, -3.3328326528945e-05, -0.999999969], [-0.134099127, -0.990967923, 0.0], [-0.9909678922799944, 0.13409912284292708, -0.000248535]]
10.0, 8.540909441966363, 45.456510667349065, [[0.00027981585914202, -0.00016216384666957, -0.999999948], [-0.501418777, -0.865204722, 0.0], [-0.8652046770093544, 0.5014187509262237, -0.00032341]]
10.0, 11.353913875707647, 43.165344036338894, [[0.00034900789410854396, -0.000354182277328044, -0.999999876], [-0.712290701, -0.701884576, 0.0], [-0.7018844889663125, 0.7122906126759531, -0.000497244]]
10.0, 20.0, 33.83934083050515, [[0.028573816901195412, -0.005537989765901208, -0.999576344], [-0.190272716, -0.981731274, 0.0], [-0.9813153576553822, 0.1901921058222303, -0.029105538]]
-30.0, 20.0, 32.37242336583142, [[0.017865267745465332, -0.0022167638026626348, -0.999837946], [-0.123137995, -0.992389558, 0.0], [-0.9922287373025678, 0.12311803999535827, -0.018002273]]
-30.0, 10.017844036732981, 44.38577871910242, [[-0.001529187585130502, 0.002008359832282733, -0.999996814], [-0.795620999, -0.605794706, 0.0], [-0.6057927759380666, 0.7956184641514972, 0.002524267]]
-30.0, 5.26391939432709, 47.04779054019551, [[2.8597002227629e-05, -1.2139602609716e-05, -1.0], [-0.390755548, -0.920494487, 0.0], [-0.920494487, 0.390755548, -3.1067e-05]]
-30.0, 1.6648221941052412, 47.70880354217742, [[2.9669203628647e-05, -3.2649167283e-07, -1.0], [-0.01100373, -0.999939457, 0.0], [-0.999939457, 0.01100373, -2.9671e-05]]
-30.0, -3.4919279951239446, 47.49791879474764, [[-0.000246290195345355, -3.332845551861e-05, -0.999999969], [0.134099646, -0.990967853, 0.0], [-0.9909678222799966, -0.13409964184291095, 0.000248535]]
-30.0, -8.54090657022109, 45.45651253346102, [[-0.00027981588727868996, -0.00016216379783466, -0.999999948], [0.501418626, -0.865204809, 0.0], [-0.8652047640093499, -0.5014185999262314, 0.00032341]]
-30.0, -11.353913813876517, 43.16534407722364, [[-0.000349007831953044, -0.000354182337991812, -0.999999876], [0.712290823, -0.701884451, 0.0], [-0.701884363966328, -0.712290734675938, 0.000497244]]
-30.0, -19.999998092651367, 33.83933907416175, [[-0.028573816901195412, -0.005537989765901208, -0.999576344], [0.190272716, -0.981731274, 0.0], [-0.9813153576553822, -0.1901921058222303, 0.029105538]]
9.985868309934212, -19.999998092651367, 32.372459593584054, [[-0.017865267745465332, -0.0022167638026626348, -0.999837946], [0.123137995, -0.992389558, 0.0], [-0.9922287373025678, -0.12311803999535827, 0.018002273]]
10.0, -19.999998092651367, 33.14033135188835, [[-0.017449103627275985, -0.0021808205071747197, -0.999845374], [0.12401696, -0.992280098, 0.0], [-0.9921266656975667, -0.12399778375354303, 0.017584857]]
10.0, -10.22155871723367, 44.908520281112764, [[0.0014959915908030618, 0.001922245691282548, -0.999997033], [0.789170812, -0.614173778, 0.0], [-0.6141719557464006, -0.7891684705302008, -0.002435779]]
10.0, -5.564655609395587, 47.516202958602236, [[-4.78053259448e-05, -2.0040501636552e-05, -0.999999999], [0.386613582, -0.9222418, 0.0], [-0.9222417990777583, -0.38661358161338644, 5.1836e-05]]
10.0, -2.0390093394093753, 48.1637258608166, [[-4.5548982043188006e-05, -6.05015130445e-07, -0.999999999], [0.013281565, -0.999911796, 0.0], [-0.9999117950000882, -0.013281564986718435, 4.5553e-05]]
10.0, 3.829794423702694, 47.958462957339165, [[0.00042048654394164, -5.668395174510001e-05, -0.99999991], [-0.13359719, -0.991035716, 0.0], [-0.9910356268067855, 0.1335971779762529, -0.00042429]]
10.0, 8.775439325961159, 45.958835147364496, [[0.00047448458955253993, -0.000270377112341456, -0.999999851], [-0.495093712, -0.86883958, 0.0], [-0.8688394505429026, 0.4950936382310369, -0.000546113]]
10.0, 11.530870813561464, 43.71456115948881, [[0.000527712376290144, -0.0005245057110276859, -0.999999723], [-0.704948579, -0.709258416, 0.0], [-0.7092582195354187, 0.7049483837292435, -0.000744034]]
10.0, 20.0, 34.57943055728118, [[0.028181419518686388, -0.005403006957929957, -0.999588223], [-0.188292959, -0.982112907, 0.0], [-0.9817084954934943, 0.18821542429022187, -0.028694684]]
-30.0, 20.0, 33.140333093059354, [[0.017449103627275985, -0.0021808205071747197, -0.999845374], [-0.12401696, -0.992280098, 0.0], [-0.9921266656975667, 0.12399778375354303, -0.017584857]]
-30.0, 10.221561505371085, 44.90851792891665, [[-0.001495992260642287, 0.0019222451700258419, -0.999997033], [-0.789170598, -0.614174053, 0.0], [-0.6141722307455848, 0.7891682565308357, 0.002435779]]
-30.0, 5.564655733218373, 47.5162029781507, [[4.78053259448e-05, -2.0040501636552e-05, -0.999999999], [-0.386613582, -0.9222418, 0.0], [-0.9222417990777583, 0.38661358161338644, -5.1836e-05]]
-30.0, 2.0390094962663596, 48.16372591886768, [[4.5548981952082e-05, -6.050231022200001e-07, -0.999999999], [-0.01328174, -0.999911794, 0.0], [-0.9999117930000881, 0.01328173998671826, -4.5553e-05]]
-30.0, -3.829793892539456, 47.958462384350405, [[-0.00042048651424134, -5.668417195161001e-05, -0.99999991], [0.133597709, -0.991035646, 0.0], [-0.9910355568067919, -0.1335976969762062, 0.00042429]]
-30.0, -8.775436483040657, 45.958836994745596, [[-0.000474484637064371, -0.00027037702933227996, -0.999999851], [0.49509356, -0.868839667, 0.0], [-0.8688395375428897, -0.49509348623105953, 0.000546113]]
-30.0, -11.530870720814775, 43.71456122081592, [[-0.000527712376290144, -0.0005245057110276859, -0.999999723], [0.704948579, -0.709258416, 0.0], [-0.7092582195354187, -0.7049483837292435, 0.000744034]]
-30.0, -19.999998092651367, 34.57942886555876, [[-0.028181419518686388, -0.005403006957929957, -0.999588223], [0.188292959, -0.982112907, 0.0], [-0.9817084954934943, -0.18821542429022187, 0.028694684]]
10.0, -19.999998092651367, 33.14033135188835, [[-0.017449103627275985, -0.0021808205071747197, -0.999845374], [0.12401696, -0.992280098, 0.0], [-0.9921266656975667, -0.12399778375354303, 0.017584857]]
10.0, -19.999998092651367, 33.908241137627805, [[-0.017036493082339607, -0.0021444433321584446, -0.999852569], [0.124888035, -0.992170841, 0.0], [-0.9920245642607405, -0.1248696226321119, 0.017170927]]
10.0, -10.425276210120792, 45.43125945706039, [[-7.2008164111224e-05, -5.466654156696001e-05, -0.999999996], [0.60466487, -0.796480003, 0.0], [-0.79647999981408, -0.6046648675813405, 9.0408e-05]]
10.0, -5.8653919198388, 47.984615410528974, [[-6.7086362568714e-05, -2.7767808640176e-05, -0.999999997], [0.382445096, -0.923978219, 0.0], [-0.9239782162280653, -0.3824450948526647, 7.2606e-05]]
10.0, -2.413196615937636, 48.618648251889894, [[-6.1428539765084e-05, -9.57393373804e-07, -0.999999998], [0.015583589, -0.999878569, 0.0], [-0.9998785670002429, -0.015583588968832822, 6.1436e-05]]
10.0, 4.167660336508739, 48.41900651675334, [[0.00059608951939152, -8.004597918912e-05, -0.999999819], [-0.133090548, -0.991103883, 0.0], [-0.9911037036101972, 0.13309052391061083, -0.00060144]]
10.0, 9.009969209955948, 46.461159627379935, [[0.0006709139205807361, -0.000375796764158144, -0.999999704], [-0.488687482, -0.872458908, 0.0], [-0.8724586497521633, 0.48868733734850534, -0.000768992]]
10.0, 11.707827751415287, 44.263778282638725, [[0.000709219518075736, -0.000690159253129064, -0.99999951], [-0.697410932, -0.716671468, 0.0], [-0.7166711168309807, 0.6974105902686434, -0.000989602]]
10.0, 20.0, 35.319520284057205, [[0.027790773068209568, -0.005270298496529202, -0.999599868], [-0.186321183, -0.982488889, 0.0], [-0.9820957637558666, 0.18624662993240385, -0.028286094]]
-30.0, 20.0, 33.908242820287285, [[0.017036493082339607, -0.0021444433321584446, -0.999852569], [-0.124888035, -0.992170841, 0.0], [-0.9920245642607405, 0.1248696226321119, -0.017170927]]
-30.0, 10.425278974009188, 45.431257138730885, [[7.2008154618384e-05, -5.4666554133672e-05, -0.999999996], [-0.604665009, -0.796479898, 0.0], [-0.7964798948140803, 0.6046650065813399, -9.0408e-05]]
-30.0, 5.865392072109657, 47.98461541610589, [[6.7086362568714e-05, -2.7767808640176e-05, -0.999999997], [-0.382445096, -0.923978219, 0.0], [-0.9239782162280653, 0.3824450948526647, -7.2606e-05]]
-30.0, 2.413196798427478, 48.61864829555793, [[6.1428539765084e-05, -9.57393373804e-07, -0.999999998], [-0.015583589, -0.999878569, 0.0], [-0.9998785670002429, 0.015583588968832822, -6.1436e-05]]
-30.0, -4.167659789954968, 48.41900597395316, [[-0.0005960894772907199, -8.004629133648e-05, -0.999999819], [0.133091067, -0.991103813, 0.0], [-0.9911036336102098, -0.13309104291051688, 0.00060144]]
-30.0, -9.009966395860218, 46.46116145603018, [[-0.000670913985945056, -0.000375796646502368, -0.999999704], [0.488687329, -0.872458993, 0.0], [-0.8724587347521381, -0.48868718434855063, 0.000768992]]
-30.0, -11.707827627753034, 44.26377836440822, [[-0.0007092193973442921, -0.0006901593768293139, -0.99999951], [0.697411057, -0.716671346, 0.0], [-0.7166709948310405, -0.697410715268582, 0.000989602]]
-30.0, -19.999998092651367, 35.31951865695577, [[-0.027790773068209568, -0.005270298496529202, -0.999599868], [0.186321183, -0.982488889, 0.0], [-0.9820957637558666, -0.18624662993240385, 0.028286094]]
10.0, -19.999998092651367, 33.908241137627805, [[-0.017036493082339607, -0.0021444433321584446, -0.999852569], [0.124888035, -0.992170841, 0.0], [-0.9920245642607405, -0.1248696226321119, 0.017170927]]
10.0, -19.999998092651367, 34.67615092336726, [[-0.016627437052056878, -0.0021076514868231546, -0.999859533], [0.125751223, -0.992061808, 0.0], [-0.9919224560540156, -0.12573355910295886, 0.016760485]]
10.0, -10.628993703007914, 45.95399863300803, [[-9.0685332385011e-05, -6.758033661767701e-05, -0.999999994], [0.597543141, -0.801836763, 0.0], [-0.8018367581889794, -0.5975431374147412, 0.000113097]]
10.0, -6.16612823028202, 48.45302786245572, [[-8.643756001725e-05, -3.531910028625e-05, -0.999999996], [0.37825007, -0.925703454, 0.0], [-0.9257034502971861, -0.3782500684869997, 9.3375e-05]]
10.0, -2.78738389246589, 49.0735706429632, [[-7.7654542523868e-05, -1.39101286332e-06, -0.999999997], [0.01790996, -0.999839604, 0.0], [-0.9998396010004812, -0.017909959946270117, 7.7667e-05]]
10.0, 4.505526249314784, 48.879550076167504, [[0.000773448544699357, -0.000103456185974135, -0.999999696], [-0.132578855, -0.991172461, 0.0], [-0.9911721596835719, 0.13257881469602809, -0.000780337]]
10.0, 9.244499093950736, 46.963484107395374, [[0.00086893883732205, -0.00047827961778860995, -0.999999508], [-0.482199903, -0.876061215, 0.0], [-0.8760607839778822, 0.4821996657576477, -0.00099187]]
10.0, 11.884784689269111, 44.81299540578864, [[0.0008935255325892609, -0.000851021339732421, -0.999999239], [-0.689674143, -0.724119863, 0.0], [-0.7241193119447842, 0.6896736181579771, -0.001233947]]
10.0, 20.0, 36.05961001083323, [[0.027401716451756705, -0.005139809417936165, -0.999611289], [-0.184357405, -0.982859271, 0.0], [-0.9824772227899103, 0.18428574324874503, -0.027879593]]
-30.0, 20.0, 34.676152547515215, [[0.016627437052056878, -0.0021076514868231546, -0.999859533], [-0.125751223, -0.992061808, 0.0], [-0.9919224560540156, 0.12573355910295886, -0.016760485]]
-30.0, 10.628996442647292, 45.95399634854512, [[9.0685332385011e-05, -6.758033661767701e-05, -0.999999994], [-0.597543141, -0.801836763, 0.0], [-0.8018367581889794, 0.5975431374147412, -0.000113097]]
-30.0, 6.1661284110009404, 48.453027854061084, [[8.643756001725e-05, -3.531910028625e-05, -0.999999996], [-0.37825007, -0.925703454, 0.0], [-0.9257034502971861, 0.3782500684869997, -9.3375e-05]]
-30.0, 2.7873841005885964, 49.073570672248195, [[7.7654542523868e-05, -1.39101286332e-06, -0.999999997], [-0.01790996, -0.999839604, 0.0], [-0.9998396010004812, 0.017909959946270117, -7.7667e-05]]
-30.0, -4.505525687370479, 48.879549563555926, [[-0.000773448490075767, -0.000103456590969038, -0.999999696], [0.132579374, -0.991172391, 0.0], [-0.9911720896835932, -0.1325793336958703, 0.000780337]]
-30.0, -9.244496308679786, 46.963485917314756, [[-0.000868938921631, -0.00047827946603249994, -0.999999508], [0.48219975, -0.8760613, 0.0], [-0.8760608689778405, -0.482199512757723, 0.00099187]]
-30.0, -11.884784534691292, 44.812995508000505, [[-0.0008935255325892609, -0.000851021339732421, -0.999999239], [0.689674143, -0.724119863, 0.0], [-0.7241193119447842, -0.6896736181579771, 0.001233947]]
-30.0, -19.999998092651367, 36.05960844835279, [[-0.027401716451756705, -0.005139809417936165, -0.999611289], [0.184357405, -0.982859271, 0.0], [-0.9824772227899103, -0.18428574324874503, 0.027879593]]
10.0, -19.999998092651367, 34.67615092336726, [[-0.016627437052056878, -0.0021076514868231546, -0.999859533], [0.125751223, -0.992061808, 0.0], [-0.9919224560540156, -0.12573355910295886, 0.016760485]]
10.0, -19.999998092651367, 35.444060709106715, [[-0.01622210530236199, -0.0020704912763464802, -0.999866269], [0.12660687, -0.991952973, 0.0], [-0.9918203181369677, -0.12658993873666805, 0.016353704]]
10.0, -10.83271119589503, 46.476737808955654, [[-0.000109604343992186, -8.0156080021529e-05, -0.999999991], [0.590307467, -0.807178478, 0.0], [-0.8071784707353937, -0.5903074616872328, 0.000135787]]
10.0, -6.466864540725233, 48.92144031438246, [[-0.000105860030700895, -4.2693499911815e-05, -0.999999993], [0.374028647, -0.927417151, 0.0], [-0.9274171445080799, -0.37402864438179945, 0.000114145]]
10.0, -3.1615711689941435, 49.52849303403649, [[-9.387972516447201e-05, -1.902472521261e-06, -0.999999996], [0.020260839, -0.999794728, 0.0], [-0.9997947240008211, -0.020260838918956643, 9.3899e-05]]
10.0, 3.1676791037608183, 49.53591855441134, [[0.000990122427702495, -6.173216675127999e-05, -0.999999508], [-0.062227184, -0.998062011, 0.0], [-0.9980615199534907, 0.06222715338422547, -0.000992045]]
10.0, 8.015302339621421, 48.28536493480607, [[0.00113740823155568, -0.00050442852434038, -0.999999226], [-0.405409324, -0.914135264, 0.0], [-0.9141345564593056, 0.40540901021318326, -0.001244245]]
10.0, 12.061741627122927, 45.36221252893856, [[0.001080626121871024, -0.0010069701467192642, -0.999998909], [-0.681733962, -0.731600167, 0.0], [-0.7315993688242177, 0.6817332182282475, -0.001477072]]
10.0, 20.0, 36.79969973760926, [[0.02701426014441966, -0.0050115132205146, -0.999622486], [-0.18240147, -0.983224137, 0.0], [-0.9828529561231446, 0.18233261089145444, -0.02747518]]
-30.0, 20.0, 35.44406227474314, [[0.01622210530236199, -0.0020704912763464802, -0.999866269], [-0.12660687, -0.991952973, 0.0], [-0.9918203181369677, 0.12658993873666805, -0.016353704]]
-30.0, 10.832713911285396, 46.476735558359366, [[0.00010960433000612501, -8.0156099031709e-05, -0.999999991], [-0.590307607, -0.807178375, 0.0], [-0.8071783677353946, 0.5903076016872315, -0.000135787]]
-30.0, 6.466864749892224, 48.92144029201628, [[0.000105860030700895, -4.2693499911815e-05, -0.999999993], [-0.374028647, -0.927417151, 0.0], [-0.9274171445080799, 0.37402864438179945, -0.000114145]]
-30.0, 3.161571402749715, 49.528493048938444, [[9.387972516447201e-05, -1.902472521261e-06, -0.999999996], [-0.020260839, -0.999794728, 0.0], [-0.9997947240008211, 0.020260838918956643, -9.3899e-05]]
-30.0, -3.167678891534635, 49.53591856642741, [[-0.00099012241679, -6.173233936711e-05, -0.999999508], [0.062227358, -0.998062, 0.0], [-0.998061508953496, -0.06222732738413987, 0.000992045]]
-30.0, -8.015299462389159, 48.285366230404726, [[-0.00113740823155568, -0.00050442852434038, -0.999999226], [0.405409324, -0.914135264, 0.0], [-0.9141345564593056, -0.40540901021318326, 0.001244245]]
-30.0, -12.06174144162955, 45.36221265159279, [[-0.001080626121871024, -0.0010069701467192642, -0.999998909], [0.681733962, -0.731600167, 0.0], [-0.7315993688242177, -0.6817332182282475, 0.001477072]]
-30.0, -19.999998092651367, 36.799698239749794, [[-0.027014259265213898, -0.005011517946245559, -0.999622486], [0.182401642, -0.983224105, 0.0], [-0.9828529241352251, -0.18233278282652202, 0.02747518]]
10.0, -19.999998092651367, 35.444060709106715, [[-0.01622210530236199, -0.0020704912763464802, -0.999866269], [0.12660687, -0.991952973, 0.0], [-0.9918203181369677, -0.12658993873666805, 0.016353704]]
10.0, -19.999998092651367, 36.21197049484617, [[-0.01582015291216782, -0.002032934378439259, -0.999872787], [0.127454807, -0.991844379, 0.0], [-0.9917182035010144, -0.12743859309163713, 0.015950237]]
10.0, -11.036428688782152, 46.99947698490328, [[-0.00012861997756522198, -9.2282760906336e-05, -0.999999987], [0.582957536, -0.812502622, 0.0], [-0.8125026114374659, -0.582957528421552, 0.000158301]]
10.0, -6.767600851168453, 49.389852766309204, [[-0.000125512830038672, -4.9952950331456004e-05, -0.999999991], [0.369780812, -0.929119019, 0.0], [-0.9291190106379289, -0.3697808086719727, 0.000135088]]
10.0, -3.5357584455224043, 49.98341542510978, [[-0.000110450690419124, -2.5008835146279997e-06, -0.999999994], [0.022636732, -0.999743756, 0.0], [-0.9997437500015374, -0.022636731864179607, 0.000110479]]
10.0, 3.5428994383556756, 49.99209685177887, [[0.0011637441438084818, -7.3358705292112e-05, -0.99999932], [-0.062911928, -0.998019083, 0.0], [-0.9980184043470236, 0.06291188521988897, -0.001166054]]
10.0, 8.282461116706656, 48.76942014531407, [[0.0013346348973465598, -0.0005822872516362239, -0.99999894], [-0.399887408, -0.91656427, 0.0], [-0.9165632984418738, 0.39988698411934753, -0.001456128]]
10.0, 12.238698564976751, 45.91142965208847, [[0.001270508117624678, -0.0011578776854079221, -0.999998523], [-0.673586503, -0.739108397, 0.0], [-0.7391073053368976, 0.6735855081127351, -0.001718974]]
10.0, 20.0, 37.53978946438528, [[0.02662841555135093, -0.004885393668676633, -0.999633463], [-0.180453569, -0.983583504, 0.0], [-0.9832229842531944, 0.18038742609017946, -0.027072857]]
-30.0, 20.0, 36.21197200197107, [[0.01582015291216782, -0.002032934378439259, -0.999872787], [-0.127454807, -0.991844379, 0.0], [-0.9917182035010144, 0.12743859309163713, -0.015950237]]
-30.0, 11.0364313799235, 46.9994747681736, [[0.00012861997756522198, -9.2282760906336e-05, -0.999999987], [-0.582957536, -0.812502622, 0.0], [-0.8125026114374659, 0.582957528421552, -0.000158301]]
-30.0, 6.767601088783508, 49.38985272997147, [[0.000125512830038672, -4.9952950331456004e-05, -0.999999991], [-0.369780812, -0.929119019, 0.0], [-0.9291190106379289, 0.3697808086719727, -0.000135088]]
-30.0, 3.535758704910833, 49.983415425628706, [[0.000110450690419124, -2.5008835146279997e-06, -0.999999994], [-0.022636732, -0.999743756, 0.0], [-0.9997437500015374, 0.022636731864179607, -0.000110479]]
-30.0, -3.5428992041764076, 49.99209688277745, [[-0.0011637441309818879, -7.335890935156198e-05, -0.99999932], [0.062912103, -0.998019072, 0.0], [-0.998018393347031, -0.06291206021976996, 0.001166054]]
-30.0, -8.2824582723686, 48.769421432458444, [[-0.0013346349992755199, -0.000582287018655744, -0.99999894], [0.399887248, -0.91656434, 0.0], [-0.9165633684417995, -0.3998868241195171, 0.001456128]]
-30.0, -12.238698348567809, 45.911429795185086, [[-0.00127050791650472, -0.001157877907155568, -0.999998523], [0.673586632, -0.73910828, 0.0], [-0.7391071883370705, -0.6735856371125446, 0.001718974]]
-30.0, -19.999998092651367, 37.539788031146806, [[-0.02662841471209236, -0.00488539829813518, -0.999633463], [0.18045374, -0.983583473, 0.0], [-0.983222953264557, -0.18038759702750162, 0.027072857]]
10.0, -19.999998092651367, 36.21197049484617, [[-0.01582015291216782, -0.002032934378439259, -0.999872787], [0.127454807, -0.991844379, 0.0], [-0.9917182035010144, -0.12743859309163713, 0.015950237]]
10.0, -19.999998092651367, 36.97988028058563, [[-0.015421749691702256, -0.001995026146462917, -0.999879087], [0.128295381, -0.991736001, 0.0], [-0.9916160872249111, -0.12827986842059713, 0.015550257]]
10.0, -11.240146181669267, 47.52221616085092, [[-0.000147872563751232, -0.00010405830467827202, -0.999999984], [0.575492792, -0.817806852, 0.0], [-0.8178068389150904, -0.5754927827921154, 0.000180816]]
10.0, -7.068337161611673, 49.85826521823594, [[-0.00014507398298803202, -5.6967145274754003e-05, -0.999999988], [0.365506713, -0.930808704, 0.0], [-0.9308086928302955, -0.36550670861391943, 0.000155858]]
10.0, -3.909945722050651, 50.43833781618308, [[-0.00012702016618176, -3.18134683076e-06, -0.999999992], [0.025038146, -0.999686496, 0.0], [-0.999686488002508, -0.025038145799694832, 0.00012706]]
10.0, 3.918119772950533, 50.4482751491464, [[0.001339440407876706, -8.5366795939014e-05, -0.999999099], [-0.063604133, -0.997975207, 0.0], [-0.9979743078243384, 0.06360407569267616, -0.001342158]]
10.0, 8.549619893791885, 49.253475355822076, [[0.0015331854823710809, -0.000657848029644883, -0.999998608], [-0.394308437, -0.918978159, 0.0], [-0.9189768797824026, 0.3943078881226557, -0.001668359]]
10.0, 12.415655502830575, 46.46064677523839, [[0.0014631561409461599, -0.0013036172402185798, -0.99999808], [-0.66522827, -0.74664004, 0.0], [-0.7466386064511231, 0.6652269927617216, -0.001959654]]
10.0, 20.0, 38.27987919116131, [[0.02624419193927053, -0.004761429073869691, -0.999644222], [-0.178513717, -0.983937423, 0.0], [-0.9835873597115199, 0.17845020574679316, -0.026672623]]
-30.0, 20.0, 36.979881729199, [[0.015421749691702256, -0.001995026146462917, -0.999879087], [-0.128295381, -0.991736001, 0.0], [-0.9916160872249111, 0.12827986842059713, -0.015550257]]
-30.0, 11.240148848561596, 47.52221397798783, [[0.00014787254548881602, -0.00010405833035414401, -0.999999984], [-0.575492934, -0.817806751, 0.0], [-0.817806737915092, 0.5754929247921131, -0.000180816]]
-30.0, 7.068337427674791, 49.85826516792667, [[0.00014507398298803202, -5.6967145274754003e-05, -0.999999988], [-0.365506713, -0.930808704, 0.0], [-0.9308086928302955, 0.36550670861391943, -0.000155858]]
-30.0, 3.9099460070719445, 50.438337802318955, [[0.00012702016618176, -3.18134683076e-06, -0.999999992], [-0.025038146, -0.999686496, 0.0], [-0.999686488002508, 0.025038145799694832, -0.00012706]]
-30.0, -3.9181195168181873, 50.448275199127494, [[-0.0013394403931129679, -8.536702947450599e-05, -0.999999099], [0.063604307, -0.997975196, 0.0], [-0.9979742968243484, -0.06360424969251939, 0.001342158]]
-30.0, -8.549617082348043, 49.25347663451216, [[-0.0015331855974878518, -0.000657847761039084, -0.999998608], [0.394308276, -0.918978228, 0.0], [-0.9189769487823065, -0.3943077271228798, 0.001668359]]
-30.0, -12.415655255506067, 46.46064693877737, [[-0.001463155913626296, -0.0013036174949736, -0.99999808], [0.6652284, -0.746639924, 0.0], [-0.7466384904513459, -0.6652271227614721, 0.001959654]]
-30.0, -19.999998092651367, 38.279877822543824, [[-0.02624419193927053, -0.004761429073869691, -0.999644222], [0.178513717, -0.983937423, 0.0], [-0.9835873597115199, -0.17845020574679316, 0.026672623]]
10.0, -19.999998092651367, 36.97988028058563, [[-0.015421749691702256, -0.001995026146462917, -0.999879087], [0.128295381, -0.991736001, 0.0], [-0.9916160872249111, -0.12827986842059713, 0.015550257]]
10.0, -19.999998092651367, 37.74779006632509, [[-0.015026895845814436, -0.001956781746655065, -0.999885175], [0.129128421, -0.991627879, 0.0], [-0.9915140153287938, -0.12911359382905865, 0.015153765]]
10.0, -11.44386367455639, 48.04495533679855, [[-0.000167215366696532, -0.000115374960447748, -0.999999979], [0.567913133, -0.823088497, 0.0], [-0.8230884797151415, -0.5679131210738242, 0.000203156]]
10.0, -7.369073472054886, 50.32667767016268, [[-0.000164865374567028, -6.386200332468e-05, -0.999999984], [0.36120634, -0.932485914, 0.0], [-0.9324858990802254, -0.3612063342206986, 0.000176802]]
10.0, -4.284132998578912, 50.893260207256375, [[-0.00014376074708558498, -3.9499129153399995e-06, -0.99999999], [0.027465236, -0.999622759, 0.0], [-0.9996227490037723, -0.02746523572534764, 0.000143815]]
10.0, 4.29334010754539, 50.90445344651393, [[0.001517034786276789, -9.7753410427257e-05, -0.999998845], [-0.064303797, -0.997930369, 0.0], [-0.9979292163904239, 0.06430372272911446, -0.001520181]]
10.0, 8.816778670877127, 49.73753056633008, [[0.001733374789519304, -0.000731204582081391, -0.99999823], [-0.388672119, -0.921376136, 0.0], [-0.9213745051642392, 0.38867143105034935, -0.001881289]]
10.0, 12.592612440684391, 47.00986389838831, [[0.001658550695999428, -0.001444059406868183, -0.999997582], [-0.656655391, -0.754190756, 0.0], [-0.754188932366752, 0.6566538032072646, -0.002199113]]
10.0, 20.0, 39.019968917937334, [[0.025861429744589822, -0.00463955837646336, -0.999654771], [-0.17658159, -0.984286006, 0.0], [-0.9839462019264347, 0.1765206289142659, -0.026274304]]
-30.0, 20.0, 37.74779145642693, [[0.015026895845814436, -0.001956781746655065, -0.999885175], [-0.129128421, -0.991627879, 0.0], [-0.9915140153287938, 0.12911359382905865, -0.015153765]]
-30.0, 11.4438663171997, 48.04495318780207, [[0.000167215346584088, -0.000115374989702212, -0.999999979], [-0.567913277, -0.823088398, 0.0], [-0.8230883807151437, 0.5679132650738212, -0.000203156]]
-30.0, 7.369073766566075, 50.326677605881855, [[0.000164865374567028, -6.386200332468e-05, -0.999999984], [-0.36120634, -0.932485914, 0.0], [-0.9324858990802254, 0.3612063342206986, -0.000176802]]
-30.0, 4.284133309233063, 50.89326017900922, [[0.00014376074708558498, -3.9499129153399995e-06, -0.99999999], [-0.027465236, -0.999622759, 0.0], [-0.9996227490037723, 0.02746523572534764, -0.000143815]]
-30.0, -4.293339829459967, 50.904453515477535, [[-0.001517034769554798, -9.7753674938751e-05, -0.999998845], [0.064303971, -0.997930358, 0.0], [-0.9979292053904365, -0.0643038967289135, 0.001520181]]
-30.0, -8.816775892327485, 49.73753183656588, [[-0.001733374789519304, -0.000731204582081391, -0.99999823], [0.388672119, -0.921376136, 0.0], [-0.9213745051642392, -0.38867143105034935, 0.001881289]]
-30.0, -12.592612162444325, 47.00986408236966, [[-0.001658550445300546, -0.001444059697151099, -0.999997582], [0.656655523, -0.754190642, 0.0], [-0.7541888183670276, -0.6566539352069454, 0.002199113]]
-30.0, -19.999998092651367, 39.019967613940835, [[-0.025861429744589822, -0.00463955837646336, -0.999654771], [0.17658159, -0.984286006, 0.0], [-0.9839462019264347, -0.1765206289142659, 0.026274304]]
10.0, -19.999998092651367, 37.74779006632509, [[-0.015026895845814436, -0.001956781746655065, -0.999885175], [0.129128421, -0.991627879, 0.0], [-0.9915140153287938, -0.12911359382905865, 0.015153765]]
10.0, -19.999998092651367, 38.51569985206454, [[-0.014635243529115056, -0.0019181786254008882, -0.999891059], [0.129954274, -0.991519988, 0.0], [-0.9914119708209872, -0.12994011665143618, 0.014760412]]
10.0, -11.647581167443505, 48.56769451274618, [[-0.00018678932802429303, -0.000126327526376861, -0.999999975], [0.560218213, -0.828345069, 0.0], [-0.8283450482913733, -0.5602181989945446, 0.000225497]]
10.0, -7.669809782498106, 50.79509012208942, [[-0.000184561020182847, -7.0509076245135e-05, -0.99999998], [0.356879685, -0.934150357, 0.0], [-0.9341503383169929, -0.3568796778624063, 0.000197571]]
10.0, -4.658320275107172, 51.34818259832967, [[-0.000160846964126893, -4.814428067108e-06, -0.999999987], [0.029918332, -0.999552347, 0.0], [-0.9995523340058194, -0.029918331611061683, 0.000160919]]
10.0, 4.6685604421402545, 51.36063174388144, [[0.0016965274573830839, -0.000110526917775408, -0.999998555], [-0.065011092, -0.997884541, 0.0], [-0.9978830990568383, 0.06501099805897206, -0.001700124]]
10.0, 9.083937447962356, 50.22158577683808, [[0.0019348723923745441, -0.0008021745024097281, -0.999997806], [-0.382978496, -0.923757258, 0.0], [-0.9237552312765759, 0.3829776557451798, -0.002094568]]
10.0, 12.769569378538215, 47.559081021538226, [[0.0018567977472612718, -0.0015791850359332198, -0.999997029], [-0.647864405, -0.761755678, 0.0], [-0.7617534148238806, 0.6478624801948527, -0.002437524]]
10.0, 20.0, 39.76005864471336, [[0.025480482249852197, -0.004519822562999298, -0.999665102], [-0.174657202, -0.984629302, 0.0], [-0.9842995516160188, 0.17459870965236463, -0.025878249]]
-30.0, 20.0, 38.51570118365486, [[0.014635243529115056, -0.0019181786254008882, -0.999891059], [-0.129954274, -0.991519988, 0.0], [-0.9914119708209872, 0.12994011665143618, -0.014760412]]
-30.0, 11.647583785837803, 48.56769239761631, [[0.00018678930592558703, -0.000126327559073926, -0.999999975], [-0.560218358, -0.828344971, 0.0], [-0.8283449502913758, 0.5602183439945411, -0.000225497]]
-30.0, 7.669810105457358, 50.79509004383705, [[0.000184561020182847, -7.0509076245135e-05, -0.99999998], [-0.356879685, -0.934150357, 0.0], [-0.9341503383169929, 0.3568796778624063, -0.000197571]]
-30.0, 4.658320611394181, 51.34818255569947, [[0.00016084696316137902, -4.814456227933e-06, -0.999999987], [-0.029918507, -0.999552341, 0.0], [-0.9995523280058196, 0.02991850661105941, -0.000160919]]
-30.0, -4.6685601421017395, 51.360631831827575, [[-0.0016965274386817198, -0.00011052721359698399, -0.999998555], [0.065011266, -0.99788453, 0.0], [-0.9978830880568541, -0.06501117205872063, 0.001700124]]
-30.0, -9.083934702306927, 50.221587038619596, [[-0.0019348725327106, -0.000802174163089712, -0.999997806], [0.382978334, -0.923757325, 0.0], [-0.9237552982764289, -0.3829774937455352, 0.002094568]]
-30.0, -12.769569069382584, 47.55908122596195, [[-0.00185679747182106, -0.001579185360123912, -0.999997029], [0.647864538, -0.761755565, 0.0], [-0.7617533018242163, -0.6478626131944576, 0.002437524]]
-30.0, -19.999998092651367, 39.76005740533785, [[-0.025480482249852197, -0.004519822562999298, -0.999665102], [0.174657202, -0.984629302, 0.0], [-0.9842995516160188, -0.17459870965236463, 0.025878249]]
10.0, -19.999998092651367, 38.51569985206454, [[-0.014635243529115056, -0.0019181786254008882, -0.999891059], [0.129954274, -0.991519988, 0.0], [-0.9914119708209872, -0.12994011665143618, 0.014760412]]
10.0, -19.999998092651367, 39.283609637804005, [[-0.014246964203042339, -0.001879255838444796, -0.999896741], [0.130772943, -0.991412345, 0.0], [-0.9913099727526676, -0.13075943951667876, 0.014370372]]
10.0, -11.851298660330627, 49.09043368869381, [[-0.00020644457055363, -0.000136810473067944, -0.999999969], [0.552408012, -0.833573865, 0.0], [-0.8335738391592101, -0.5524079948753516, 0.000247662]]
10.0, -7.970546092941319, 51.263502574016165, [[-0.000204683662028574, -6.0557482102512e-05, -0.999999977], [0.283702728, -0.958912281, 0.0], [-0.9589122589450175, -0.28370272147483727, 0.000213454]]
10.0, -5.032507551635426, 51.80310498940297, [[-0.00017810445371251398, -5.7732789403739995e-06, -0.999999984], [0.032398113, -0.999475043, 0.0], [-0.9994750270083993, -0.032398112481630194, 0.000178198]]
10.0, 5.043780776735112, 51.81681004124897, [[0.001877917571981952, -0.000123695837021517, -0.999998229], [-0.065726191, -0.997837696, 0.0], [-0.9978359288294405, 0.06572607459891575, -0.001881987]]
10.0, 9.351096225047591, 50.70564098734609, [[0.00213782926565107, -0.0008707801594173, -0.999997336], [-0.37722729, -0.926120711, 0.0], [-0.9261182438144259, 0.3772262850664994, -0.00230837]]
10.0, 12.946526316392038, 48.10829814468814, [[0.00205773707968864, -0.001708746056663464, -0.999996423], [-0.638851876, -0.76932976, 0.0], [-0.7693270081074485, 0.6388495908268396, -0.002674714]]
10.0, 20.0, 40.50014837148939, [[0.025101014722706646, -0.004402143897868878, -0.999675227], [-0.172740742, -0.984967327, 0.0], [-0.9846474362063082, 0.17268464047099844, -0.025484109]]
-30.0, 20.0, 39.28361091088279, [[0.014246964203042339, -0.001879255838444796, -0.999896741], [-0.130772943, -0.991412345, 0.0], [-0.9913099727526676, 0.13075943951667876, -0.014370372]]
-30.0, 11.851301254475906, 49.090431607430546, [[0.00020644454677807802, -0.000136810508978934, -0.999999969], [-0.552408157, -0.833573769, 0.0], [-0.8335737431592132, 0.5524081398753471, -0.000247662]]
-30.0, 7.970546444348642, 51.263502481792244, [[0.000204683662028574, -6.0557482102512e-05, -0.999999977], [-0.283702728, -0.958912281, 0.0], [-0.9589122589450175, 0.28370272147483727, -0.000213454]]
-30.0, 5.0325079135553, 51.80310493238973, [[0.00017810445371251398, -5.7732789403739995e-06, -0.999999984], [-0.032398113, -0.999475043, 0.0], [-0.9994750270083993, 0.032398112481630194, -0.000178198]]
-30.0, -5.043780454743512, 51.81681014817761, [[-0.001877917551280095, -0.000123696164487255, -0.999998229], [0.065726365, -0.997837685, 0.0], [-0.9978359178294599, -0.06572624859860758, 0.001881987]]
-30.0, -9.351093512286369, 50.70564224067331, [[-0.00213782941800349, -0.0008707797854613601, -0.999997336], [0.377227128, -0.926120777, 0.0], [-0.92611830981425, -0.37722612306693104, 0.00230837]]
-30.0, -12.946525976320842, 48.108298369554234, [[-0.002057736782795386, -0.001708746417749854, -0.999996423], [0.638852011, -0.769329649, 0.0], [-0.7693268971078455, -0.6388497258263567, 0.002674714]]
-30.0, -19.999998092651367, 40.50014719673486, [[-0.025101013958183375, -0.004402148281135626, -0.999675227], [0.172740914, -0.984967297, 0.0], [-0.9846474062160514, -0.17268481241513747, 0.025484109]]
10.0, -19.999998092651367, 39.283609637804005, [[-0.014246964203042339, -0.001879255838444796, -0.999896741], [0.130772943, -0.991412345, 0.0], [-0.9913099727526676, -0.13075943951667876, 0.014370372]]
10.0, -19.999998092651367, 40.05151942354345, [[-0.01386223022363394, -0.00184005296993878, -0.999902222], [0.131584429, -0.991304967, 0.0], [-0.9912080391829368, -0.13157156293770125, 0.01398382]]
10.0, -12.05501615321775, 49.61317286464144, [[-0.00022632424272042, -0.00014691659810651202, -0.999999964], [0.544482404, -0.838772265, 0.0], [-0.8387722348041985, -0.5444823843986335, 0.000269828]]
10.0, -8.27128240338454, 51.7319150259429, [[-0.000223954164779198, -6.5553194170841e-05, -0.999999973], [0.280920991, -0.959730898, 0.0], [-0.9597308720872657, -0.2809209834151333, 0.000233351]]
